  0.0000000e+000  5.0011000e+000  5.0007670e+000
  1.0000000e-002  5.0010931e+000  5.0007569e+000
  2.0000000e-002  5.0010540e+000  5.0007145e+000
  3.0000000e-002  5.0009830e+000  5.0006402e+000
  4.0000000e-002  5.0008801e+000  5.0005339e+000
  5.0000000e-002  5.0007454e+000  5.0003958e+000
  6.0000000e-002  5.0005791e+000  5.0002260e+000
  7.0000000e-002  5.0003812e+000  5.0000247e+000
  8.0000000e-002  5.0001520e+000  4.9997920e+000
  9.0000000e-002  4.9998916e+000  4.9995280e+000
  1.0000000e-001  4.9996000e+000  4.9992328e+000
  1.1000000e-001  4.9992774e+000  4.9989066e+000
  1.2000000e-001  4.9989240e+000  4.9985494e+000
  1.3000000e-001  4.9985398e+000  4.9981615e+000
  1.4000000e-001  4.9981249e+000  4.9977428e+000
  1.5000000e-001  4.9976796e+000  4.9972937e+000
  1.6000000e-001  4.9972039e+000  4.9968141e+000
  1.7000000e-001  4.9966980e+000  4.9963042e+000
  1.8000000e-001  4.9961620e+000  4.9957642e+000
  1.9000000e-001  4.9955959e+000  4.9951941e+000
  2.0000000e-001  4.9950000e+000  4.9945941e+000
  2.1000000e-001  4.9943743e+000  4.9939643e+000
  2.2000000e-001  4.9937189e+000  4.9933046e+000
  2.3000000e-001  4.9930336e+000  4.9926151e+000
  2.4000000e-001  4.9923186e+000  4.9918957e+000
  2.5000000e-001  4.9915736e+000  4.9911464e+000
  2.6000000e-001  4.9907988e+000  4.9903672e+000
  2.7000000e-001  4.9899940e+000  4.9895580e+000
  2.8000000e-001  4.9891594e+000  4.9887187e+000
  2.9000000e-001  4.9882947e+000  4.9878495e+000
  3.0000000e-001  4.9874000e+000  4.9869501e+000
  3.1000000e-001  4.9864753e+000  4.9860207e+000
  3.2000000e-001  4.9855205e+000  4.9850612e+000
  3.3000000e-001  4.9845357e+000  4.9840715e+000
  3.4000000e-001  4.9835208e+000  4.9830517e+000
  3.5000000e-001  4.9824759e+000  4.9820018e+000
  3.6000000e-001  4.9814009e+000  4.9809218e+000
  3.7000000e-001  4.9802958e+000  4.9798116e+000
  3.8000000e-001  4.9791606e+000  4.9786712e+000
  3.9000000e-001  4.9779954e+000  4.9775007e+000
  4.0000000e-001  4.9768000e+000  4.9763001e+000
  4.1000000e-001  4.9755745e+000  4.9750692e+000
  4.2000000e-001  4.9743190e+000  4.9738083e+000
  4.3000000e-001  4.9730335e+000  4.9725173e+000
  4.4000000e-001  4.9717181e+000  4.9711962e+000
  4.5000000e-001  4.9703728e+000  4.9698452e+000
  4.6000000e-001  4.9689977e+000  4.9684643e+000
  4.7000000e-001  4.9675928e+000  4.9670536e+000
  4.8000000e-001  4.9661581e+000  4.9656131e+000
  4.9000000e-001  4.9646939e+000  4.9641428e+000
  5.0000000e-001  4.9632000e+000  4.9626428e+000
  5.1000000e-001  4.9616765e+000  4.9611132e+000
  5.2000000e-001  4.9601233e+000  4.9595538e+000
  5.3000000e-001  4.9585401e+000  4.9579642e+000
  5.4000000e-001  4.9569267e+000  4.9563444e+000
  5.5000000e-001  4.9552829e+000  4.9546941e+000
  5.6000000e-001  4.9536085e+000  4.9530130e+000
  5.7000000e-001  4.9519032e+000  4.9513010e+000
  5.8000000e-001  4.9501668e+000  4.9495579e+000
  5.9000000e-001  4.9483992e+000  4.9477833e+000
  6.0000000e-001  4.9466000e+000  4.9459772e+000
  6.1000000e-001  4.9447692e+000  4.9441393e+000
  6.2000000e-001  4.9429069e+000  4.9422698e+000
  6.3000000e-001  4.9410133e+000  4.9403689e+000
  6.4000000e-001  4.9390886e+000  4.9384369e+000
  6.5000000e-001  4.9371331e+000  4.9364738e+000
  6.6000000e-001  4.9351469e+000  4.9344801e+000
  6.7000000e-001  4.9331303e+000  4.9324557e+000
  6.8000000e-001  4.9310835e+000  4.9304011e+000
  6.9000000e-001  4.9290066e+000  4.9283163e+000
  7.0000000e-001  4.9269000e+000  4.9262016e+000
  7.1000000e-001  4.9247638e+000  4.9240572e+000
  7.2000000e-001  4.9225979e+000  4.9218830e+000
  7.3000000e-001  4.9204024e+000  4.9196791e+000
  7.4000000e-001  4.9181772e+000  4.9174453e+000
  7.5000000e-001  4.9159222e+000  4.9151817e+000
  7.6000000e-001  4.9136375e+000  4.9128882e+000
  7.7000000e-001  4.9113230e+000  4.9105647e+000
  7.8000000e-001  4.9089786e+000  4.9082113e+000
  7.9000000e-001  4.9066042e+000  4.9058278e+000
  8.0000000e-001  4.9042000e+000  4.9034142e+000
  8.1000000e-001  4.9017658e+000  4.9009705e+000
  8.2000000e-001  4.8993015e+000  4.8984966e+000
  8.3000000e-001  4.8968072e+000  4.8959925e+000
  8.4000000e-001  4.8942827e+000  4.8934581e+000
  8.5000000e-001  4.8917280e+000  4.8908933e+000
  8.6000000e-001  4.8891431e+000  4.8882982e+000
  8.7000000e-001  4.8865279e+000  4.8856726e+000
  8.8000000e-001  4.8838823e+000  4.8830165e+000
  8.9000000e-001  4.8812064e+000  4.8803299e+000
  9.0000000e-001  4.8785000e+000  4.8776126e+000
  9.1000000e-001  4.8757632e+000  4.8748648e+000
  9.2000000e-001  4.8729961e+000  4.8720865e+000
  9.3000000e-001  4.8701990e+000  4.8692780e+000
  9.4000000e-001  4.8673721e+000  4.8664396e+000
  9.5000000e-001  4.8645158e+000  4.8635715e+000
  9.6000000e-001  4.8616302e+000  4.8606739e+000
  9.7000000e-001  4.8587155e+000  4.8577472e+000
  9.8000000e-001  4.8557721e+000  4.8547915e+000
  9.9000000e-001  4.8528002e+000  4.8518071e+000
  1.0000000e+000  4.8498000e+000  4.8487941e+000
  1.0100000e+000  4.8467717e+000  4.8457529e+000
  1.0200000e+000  4.8437150e+000  4.8426831e+000
  1.0300000e+000  4.8406296e+000  4.8395844e+000
  1.0400000e+000  4.8375152e+000  4.8364564e+000
  1.0500000e+000  4.8343714e+000  4.8332989e+000
  1.0600000e+000  4.8311979e+000  4.8301114e+000
  1.0700000e+000  4.8279943e+000  4.8268936e+000
  1.0800000e+000  4.8247604e+000  4.8236452e+000
  1.0900000e+000  4.8214957e+000  4.8203659e+000
  1.1000000e+000  4.8182000e+000  4.8170552e+000
  1.1100000e+000  4.8148730e+000  4.8137131e+000
  1.1200000e+000  4.8115152e+000  4.8103398e+000
  1.1300000e+000  4.8081269e+000  4.8069359e+000
  1.1400000e+000  4.8047088e+000  4.8035018e+000
  1.1500000e+000  4.8012613e+000  4.8000380e+000
  1.1600000e+000  4.7977848e+000  4.7965451e+000
  1.1700000e+000  4.7942800e+000  4.7930235e+000
  1.1800000e+000  4.7907472e+000  4.7894737e+000
  1.1900000e+000  4.7871871e+000  4.7858962e+000
  1.2000000e+000  4.7836000e+000  4.7822915e+000
  1.2100000e+000  4.7799864e+000  4.7786599e+000
  1.2200000e+000  4.7763459e+000  4.7750011e+000
  1.2300000e+000  4.7726780e+000  4.7713148e+000
  1.2400000e+000  4.7689824e+000  4.7676003e+000
  1.2500000e+000  4.7652586e+000  4.7638572e+000
  1.2600000e+000  4.7615061e+000  4.7600851e+000
  1.2700000e+000  4.7577244e+000  4.7562836e+000
  1.2800000e+000  4.7539131e+000  4.7524521e+000
  1.2900000e+000  4.7500718e+000  4.7485902e+000
  1.3000000e+000  4.7462000e+000  4.7446974e+000
  1.3100000e+000  4.7422974e+000  4.7407735e+000
  1.3200000e+000  4.7383646e+000  4.7368190e+000
  1.3300000e+000  4.7344023e+000  4.7328345e+000
  1.3400000e+000  4.7304111e+000  4.7288209e+000
  1.3500000e+000  4.7263919e+000  4.7247788e+000
  1.3600000e+000  4.7223454e+000  4.7207089e+000
  1.3700000e+000  4.7182722e+000  4.7166120e+000
  1.3800000e+000  4.7141731e+000  4.7124887e+000
  1.3900000e+000  4.7100488e+000  4.7083398e+000
  1.4000000e+000  4.7059000e+000  4.7041660e+000
  1.4100000e+000  4.7017273e+000  4.6999677e+000
  1.4200000e+000  4.6975302e+000  4.6957447e+000
  1.4300000e+000  4.6933080e+000  4.6914961e+000
  1.4400000e+000  4.6890603e+000  4.6872214e+000
  1.4500000e+000  4.6847863e+000  4.6829199e+000
  1.4600000e+000  4.6804853e+000  4.6785910e+000
  1.4700000e+000  4.6761569e+000  4.6742340e+000
  1.4800000e+000  4.6718003e+000  4.6698483e+000
  1.4900000e+000  4.6674148e+000  4.6654333e+000
  1.5000000e+000  4.6630000e+000  4.6609883e+000
  1.5100000e+000  4.6585553e+000  4.6565129e+000
  1.5200000e+000  4.6540812e+000  4.6520074e+000
  1.5300000e+000  4.6495782e+000  4.6474725e+000
  1.5400000e+000  4.6450469e+000  4.6429087e+000
  1.5500000e+000  4.6404880e+000  4.6383167e+000
  1.5600000e+000  4.6359021e+000  4.6336969e+000
  1.5700000e+000  4.6312897e+000  4.6290501e+000
  1.5800000e+000  4.6266515e+000  4.6243767e+000
  1.5900000e+000  4.6219881e+000  4.6196774e+000
  1.6000000e+000  4.6173000e+000  4.6149528e+000
  1.6100000e+000  4.6125878e+000  4.6102034e+000
  1.6200000e+000  4.6078516e+000  4.6054291e+000
  1.6300000e+000  4.6030914e+000  4.6006302e+000
  1.6400000e+000  4.5983073e+000  4.5958065e+000
  1.6500000e+000  4.5934992e+000  4.5909580e+000
  1.6600000e+000  4.5886671e+000  4.5860848e+000
  1.6700000e+000  4.5838112e+000  4.5811868e+000
  1.6800000e+000  4.5789313e+000  4.5762641e+000
  1.6900000e+000  4.5740276e+000  4.5713167e+000
  1.7000000e+000  4.5691000e+000  4.5663444e+000
  1.7100000e+000  4.5641486e+000  4.5613475e+000
  1.7200000e+000  4.5591732e+000  4.5563256e+000
  1.7300000e+000  4.5541739e+000  4.5512788e+000
  1.7400000e+000  4.5491504e+000  4.5462069e+000
  1.7500000e+000  4.5441029e+000  4.5411099e+000
  1.7600000e+000  4.5390311e+000  4.5359875e+000
  1.7700000e+000  4.5339350e+000  4.5308398e+000
  1.7800000e+000  4.5288145e+000  4.5256666e+000
  1.7900000e+000  4.5236695e+000  4.5204679e+000
  1.8000000e+000  4.5185000e+000  4.5152434e+000
  1.8100000e+000  4.5133059e+000  4.5099932e+000
  1.8200000e+000  4.5080875e+000  4.5047174e+000
  1.8300000e+000  4.5028451e+000  4.4994164e+000
  1.8400000e+000  4.4975789e+000  4.4940903e+000
  1.8500000e+000  4.4922893e+000  4.4887395e+000
  1.8600000e+000  4.4869766e+000  4.4833642e+000
  1.8700000e+000  4.4816410e+000  4.4779647e+000
  1.8800000e+000  4.4762828e+000  4.4725412e+000
  1.8900000e+000  4.4709024e+000  4.4670940e+000
  1.9000000e+000  4.4655000e+000  4.4616233e+000
  1.9100000e+000  4.4600759e+000  4.4561294e+000
  1.9200000e+000  4.4546302e+000  4.4506123e+000
  1.9300000e+000  4.4491631e+000  4.4450721e+000
  1.9400000e+000  4.4436746e+000  4.4395089e+000
  1.9500000e+000  4.4381648e+000  4.4339227e+000
  1.9600000e+000  4.4326338e+000  4.4283136e+000
  1.9700000e+000  4.4270817e+000  4.4226815e+000
  1.9800000e+000  4.4215087e+000  4.4170267e+000
  1.9900000e+000  4.4159147e+000  4.4113490e+000
  2.0000000e+000  4.4103000e+000  4.4056486e+000
  2.0100000e+000  4.4046646e+000  4.3999254e+000
  2.0200000e+000  4.3990083e+000  4.3941794e+000
  2.0300000e+000  4.3933312e+000  4.3884104e+000
  2.0400000e+000  4.3876332e+000  4.3826183e+000
  2.0500000e+000  4.3819141e+000  4.3768028e+000
  2.0600000e+000  4.3761739e+000  4.3709640e+000
  2.0700000e+000  4.3704125e+000  4.3651015e+000
  2.0800000e+000  4.3646297e+000  4.3592152e+000
  2.0900000e+000  4.3588256e+000  4.3533050e+000
  2.1000000e+000  4.3530000e+000  4.3473708e+000
  2.1100000e+000  4.3471529e+000  4.3414123e+000
  2.1200000e+000  4.3412845e+000  4.3354298e+000
  2.1300000e+000  4.3353950e+000  4.3294234e+000
  2.1400000e+000  4.3294847e+000  4.3233932e+000
  2.1500000e+000  4.3235538e+000  4.3173395e+000
  2.1600000e+000  4.3176027e+000  4.3112624e+000
  2.1700000e+000  4.3116315e+000  4.3051620e+000
  2.1800000e+000  4.3056404e+000  4.2990385e+000
  2.1900000e+000  4.2996299e+000  4.2928920e+000
  2.2000000e+000  4.2936000e+000  4.2867228e+000
  2.2100000e+000  4.2875510e+000  4.2805307e+000
  2.2200000e+000  4.2814826e+000  4.2743156e+000
  2.2300000e+000  4.2753945e+000  4.2680770e+000
  2.2400000e+000  4.2692865e+000  4.2618144e+000
  2.2500000e+000  4.2631581e+000  4.2555274e+000
  2.2600000e+000  4.2570090e+000  4.2492155e+000
  2.2700000e+000  4.2508390e+000  4.2428783e+000
  2.2800000e+000  4.2446477e+000  4.2365153e+000
  2.2900000e+000  4.2384348e+000  4.2301261e+000
  2.3000000e+000  4.2322000e+000  4.2237101e+000
  2.3100000e+000  4.2259429e+000  4.2172670e+000
  2.3200000e+000  4.2196627e+000  4.2107956e+000
  2.3300000e+000  4.2133588e+000  4.2042953e+000
  2.3400000e+000  4.2070303e+000  4.1977649e+000
  2.3500000e+000  4.2006764e+000  4.1912035e+000
  2.3600000e+000  4.1942965e+000  4.1846102e+000
  2.3700000e+000  4.1878896e+000  4.1779840e+000
  2.3800000e+000  4.1814551e+000  4.1713239e+000
  2.3900000e+000  4.1749922e+000  4.1646289e+000
  2.4000000e+000  4.1685000e+000  4.1578981e+000
  2.4100000e+000  4.1619779e+000  4.1511304e+000
  2.4200000e+000  4.1554249e+000  4.1443248e+000
  2.4300000e+000  4.1488405e+000  4.1374803e+000
  2.4400000e+000  4.1422237e+000  4.1305958e+000
  2.4500000e+000  4.1355737e+000  4.1236703e+000
  2.4600000e+000  4.1288899e+000  4.1167028e+000
  2.4700000e+000  4.1221714e+000  4.1096921e+000
  2.4800000e+000  4.1154174e+000  4.1026372e+000
  2.4900000e+000  4.1086272e+000  4.0955369e+000
  2.5000000e+000  4.1018000e+000  4.0883902e+000
  2.5100000e+000  4.0949345e+000  4.0811956e+000
  2.5200000e+000  4.0880280e+000  4.0739497e+000
  2.5300000e+000  4.0810770e+000  4.0666489e+000
  2.5400000e+000  4.0740783e+000  4.0592896e+000
  2.5500000e+000  4.0670286e+000  4.0518680e+000
  2.5600000e+000  4.0599247e+000  4.0443804e+000
  2.5700000e+000  4.0527631e+000  4.0368231e+000
  2.5800000e+000  4.0455407e+000  4.0291923e+000
  2.5900000e+000  4.0382541e+000  4.0214842e+000
  2.6000000e+000  4.0309000e+000  4.0136952e+000
  2.6100000e+000  4.0234746e+000  4.0058207e+000
  2.6200000e+000  4.0159720e+000  3.9978543e+000
  2.6300000e+000  4.0083858e+000  3.9897891e+000
  2.6400000e+000  4.0007095e+000  3.9816181e+000
  2.6500000e+000  3.9929367e+000  3.9733341e+000
  2.6600000e+000  3.9850610e+000  3.9649300e+000
  2.6700000e+000  3.9770759e+000  3.9563988e+000
  2.6800000e+000  3.9689750e+000  3.9477333e+000
  2.6900000e+000  3.9607518e+000  3.9389264e+000
  2.7000000e+000  3.9524000e+000  3.9299707e+000
  2.7100000e+000  3.9439109e+000  3.9208569e+000
  2.7200000e+000  3.9352671e+000  3.9115667e+000
  2.7300000e+000  3.9264490e+000  3.9020797e+000
  2.7400000e+000  3.9174371e+000  3.8923754e+000
  2.7500000e+000  3.9082119e+000  3.8824331e+000
  2.7600000e+000  3.8987537e+000  3.8722323e+000
  2.7700000e+000  3.8890430e+000  3.8617524e+000
  2.7800000e+000  3.8790602e+000  3.8509726e+000
  2.7900000e+000  3.8687857e+000  3.8398721e+000
  2.8000000e+000  3.8582000e+000  3.8284302e+000
  2.8100000e+000  3.8472813e+000  3.8166238e+000
  2.8200000e+000  3.8359989e+000  3.8044207e+000
  2.8300000e+000  3.8243199e+000  3.7917867e+000
  2.8400000e+000  3.8122115e+000  3.7786873e+000
  2.8500000e+000  3.7996407e+000  3.7650880e+000
  2.8600000e+000  3.7865746e+000  3.7509543e+000
  2.8700000e+000  3.7729804e+000  3.7362515e+000
  2.8800000e+000  3.7588251e+000  3.7209449e+000
  2.8900000e+000  3.7440760e+000  3.7049995e+000
  2.9000000e+000  3.7287000e+000  3.6883806e+000
  2.9100000e+000  3.7126458e+000  3.6710343e+000
  2.9200000e+000  3.6957878e+000  3.6528331e+000
  2.9300000e+000  3.6779819e+000  3.6336303e+000
  2.9400000e+000  3.6590842e+000  3.6132793e+000
  2.9500000e+000  3.6389505e+000  3.5916336e+000
  2.9600000e+000  3.6174367e+000  3.5685461e+000
  2.9700000e+000  3.5943989e+000  3.5438698e+000
  2.9800000e+000  3.5696928e+000  3.5174577e+000
  2.9900000e+000  3.5431746e+000  3.4891622e+000
  3.0000000e+000  3.5147000e+000  3.4588359e+000
  3.0100000e+000  3.4841652e+000  3.4263712e+000
  3.0200000e+000  3.4516268e+000  3.3918208e+000
  3.0300000e+000  3.4171815e+000  3.3552774e+000
  3.0400000e+000  3.3809261e+000  3.3168336e+000
  3.0500000e+000  3.3429574e+000  3.2765813e+000
  3.0600000e+000  3.3033721e+000  3.2346128e+000
  3.0700000e+000  3.2622669e+000  3.1910196e+000
  3.0800000e+000  3.2197387e+000  3.1458931e+000
  3.0900000e+000  3.1758841e+000  3.0993245e+000
  3.1000000e+000  3.1308000e+000  3.0514045e+000
  3.1100000e+000  3.0846146e+000  3.0022552e+000
  3.1200000e+000  3.0375827e+000  2.9521245e+000
  3.1300000e+000  2.9899904e+000  2.9012918e+000
  3.1400000e+000  2.9421240e+000  2.8500358e+000
  3.1500000e+000  2.8942698e+000  2.7986349e+000
  3.1600000e+000  2.8467141e+000  2.7473670e+000
  3.1700000e+000  2.7997429e+000  2.6965097e+000
  3.1800000e+000  2.7536427e+000  2.6463399e+000
  3.1900000e+000  2.7086997e+000  2.5971340e+000
  3.2000000e+000  2.6652000e+000  2.5491681e+000
  3.2100000e+000  2.6233765e+000  2.5026640e+000
  3.2200000e+000  2.5832481e+000  2.4576292e+000
  3.2300000e+000  2.5447803e+000  2.4140168e+000
  3.2400000e+000  2.5079385e+000  2.3717797e+000
  3.2500000e+000  2.4726882e+000  2.3308698e+000
  3.2600000e+000  2.4389949e+000  2.2912383e+000
  3.2700000e+000  2.4068239e+000  2.2528357e+000
  3.2800000e+000  2.3761408e+000  2.2156118e+000
  3.2900000e+000  2.3469110e+000  2.1795155e+000
  3.3000000e+000  2.3191000e+000  2.1444948e+000
  3.3100000e+000  2.2926639e+000  2.1104878e+000
  3.3200000e+000  2.2675216e+000  2.0773940e+000
  3.3300000e+000  2.2435825e+000  2.0451032e+000
  3.3400000e+000  2.2207562e+000  2.0135040e+000
  3.3500000e+000  2.1989522e+000  1.9824841e+000
  3.3600000e+000  2.1780800e+000  1.9519304e+000
  3.3700000e+000  2.1580492e+000  1.9217290e+000
  3.3800000e+000  2.1387693e+000  1.8917650e+000
  3.3900000e+000  2.1201497e+000  1.8619229e+000
  3.4000000e+000  2.1021000e+000  1.8320862e+000
  3.4100000e+000  2.0845403e+000  1.8021486e+000
  3.4200000e+000  2.0674328e+000  1.7720453e+000
  3.4300000e+000  2.0507506e+000  1.7417217e+000
  3.4400000e+000  2.0344663e+000  1.7111228e+000
  3.4500000e+000  2.0185529e+000  1.6801937e+000
  3.4600000e+000  2.0029833e+000  1.6488796e+000
  3.4700000e+000  1.9877304e+000  1.6171259e+000
  3.4800000e+000  1.9727669e+000  1.5848788e+000
  3.4900000e+000  1.9580658e+000  1.5520857e+000
  3.5000000e+000  1.9436000e+000  1.5186952e+000
  3.5100000e+000  1.9293445e+000  1.4846600e+000
  3.5200000e+000  1.9152831e+000  1.4499440e+000
  3.5300000e+000  1.9014018e+000  1.4145162e+000
  3.5400000e+000  1.8876866e+000  1.3783490e+000
  3.5500000e+000  1.8741235e+000  1.3414191e+000
  3.5600000e+000  1.8606986e+000  1.3037079e+000
  3.5700000e+000  1.8473977e+000  1.2652024e+000
  3.5800000e+000  1.8342070e+000  1.2258961e+000
  3.5900000e+000  1.8211125e+000  1.1857892e+000
  3.6000000e+000  1.8081000e+000  1.1448900e+000
  3.6100000e+000  1.7951572e+000  1.1032165e+000
  3.6200000e+000  1.7822781e+000  1.0608025e+000
  3.6300000e+000  1.7694582e+000  1.0176930e+000
  3.6400000e+000  1.7566930e+000  9.7394299e-001
  3.6500000e+000  1.7439780e+000  9.2961786e-001
  3.6600000e+000  1.7313088e+000  8.8479356e-001
  3.6700000e+000  1.7186808e+000  8.3955635e-001
  3.6800000e+000  1.7060897e+000  7.9400253e-001
  3.6900000e+000  1.6935309e+000  7.4823776e-001
  3.7000000e+000  1.6810000e+000  7.0237617e-001
  3.7100000e+000  1.6684927e+000  6.5653945e-001
  3.7200000e+000  1.6560060e+000  6.1085615e-001
  3.7300000e+000  1.6435368e+000  5.6545915e-001
  3.7400000e+000  1.6310823e+000  5.2048351e-001
  3.7500000e+000  1.6186395e+000  4.7606432e-001
  3.7600000e+000  1.6062055e+000  4.3233448e-001
  3.7700000e+000  1.5937775e+000  3.8942241e-001
  3.7800000e+000  1.5813526e+000  3.4744981e-001
  3.7900000e+000  1.5689277e+000  3.0652949e-001
  3.8000000e+000  1.5565000e+000  2.6676343e-001
  3.8100000e+000  1.5440669e+000  2.2824130e-001
  3.8200000e+000  1.5316267e+000  1.9103990e-001
  3.8300000e+000  1.5191783e+000  1.5522123e-001
  3.8400000e+000  1.5067204e+000  1.2083157e-001
  3.8500000e+000  1.4942516e+000  8.7901157e-002
  3.8600000e+000  1.4817706e+000  5.6444296e-002
  3.8700000e+000  1.4692763e+000  2.6459787e-002
  3.8800000e+000  1.4567673e+000 -2.0682872e-003
  3.8900000e+000  1.4442423e+000 -2.9169508e-002
  3.9000000e+000  1.4317000e+000 -5.4885839e-002
  3.9100000e+000  1.4191396e+000 -7.9269817e-002
  3.9200000e+000  1.4065614e+000 -1.0238193e-001
  3.9300000e+000  1.3939664e+000 -1.2429004e-001
  3.9400000e+000  1.3813554e+000 -1.4506813e-001
  3.9500000e+000  1.3687292e+000 -1.6479470e-001
  3.9600000e+000  1.3560887e+000 -1.8355125e-001
  3.9700000e+000  1.3434347e+000 -2.0142085e-001
  3.9800000e+000  1.3307680e+000 -2.1848688e-001
  3.9900000e+000  1.3180895e+000 -2.3483185e-001
  4.0000000e+000  1.3054000e+000 -2.5053634e-001
  4.0100000e+000  1.2927004e+000 -2.6567821e-001
  4.0200000e+000  1.2799915e+000 -2.8033168e-001
  4.0300000e+000  1.2672744e+000 -2.9456689e-001
  4.0400000e+000  1.2545499e+000 -3.0844929e-001
  4.0500000e+000  1.2418190e+000 -3.2203936e-001
  4.0600000e+000  1.2290825e+000 -3.3539220e-001
  4.0700000e+000  1.2163415e+000 -3.4855738e-001
  4.0800000e+000  1.2035967e+000 -3.6157871e-001
  4.0900000e+000  1.1908493e+000 -3.7449419e-001
  4.1000000e+000  1.1781000e+000 -3.8733588e-001
  4.1100000e+000  1.1653502e+000 -4.0012949e-001
  4.1200000e+000  1.1526028e+000 -4.1289318e-001
  4.1300000e+000  1.1398610e+000 -4.2563872e-001
  4.1400000e+000  1.1271281e+000 -4.3837186e-001
  4.1500000e+000  1.1144074e+000 -4.5109235e-001
  4.1600000e+000  1.1017021e+000 -4.6379393e-001
  4.1700000e+000  1.0890154e+000 -4.7646431e-001
  4.1800000e+000  1.0763507e+000 -4.8908522e-001
  4.1900000e+000  1.0637111e+000 -5.0163236e-001
  4.2000000e+000  1.0511000e+000 -5.1407545e-001
  4.2100000e+000  1.0385206e+000 -5.2637820e-001
  4.2200000e+000  1.0259764e+000 -5.3849830e-001
  4.2300000e+000  1.0134708e+000 -5.5038757e-001
  4.2400000e+000  1.0010071e+000 -5.6199208e-001
  4.2500000e+000  9.8858894e-001 -5.7325236e-001
  4.2600000e+000  9.7621963e-001 -5.8410359e-001
  4.2700000e+000  9.6390266e-001 -5.9447593e-001
  4.2800000e+000  9.5164143e-001 -6.0429491e-001
  4.2900000e+000  9.3943940e-001 -6.1348193e-001
  4.3000000e+000  9.2730000e-001 -6.2195489e-001
  4.3100000e+000  9.1522665e-001 -6.2962888e-001
  4.3200000e+000  9.0322277e-001 -6.3641719e-001
  4.3300000e+000  8.9129174e-001 -6.4223220e-001
  4.3400000e+000  8.7943698e-001 -6.4698658e-001
  4.3500000e+000  8.6766186e-001 -6.5059461e-001
  4.3600000e+000  8.5596980e-001 -6.5297356e-001
  4.3700000e+000  8.4436418e-001 -6.5404520e-001
  4.3800000e+000  8.3284841e-001 -6.5373743e-001
  4.3900000e+000  8.2142588e-001 -6.5198588e-001
  4.4000000e+000  8.1010000e-001 -6.4873555e-001
  4.4100000e+000  7.9887385e-001 -6.4394265e-001
  4.4200000e+000  7.8774931e-001 -6.3757702e-001
  4.4300000e+000  7.7672797e-001 -6.2962245e-001
  4.4400000e+000  7.6581138e-001 -6.2007743e-001
  4.4500000e+000  7.5500113e-001 -6.0895599e-001
  4.4600000e+000  7.4429878e-001 -5.9628806e-001
  4.4700000e+000  7.3370593e-001 -5.8211965e-001
  4.4800000e+000  7.2322413e-001 -5.6651245e-001
  4.4900000e+000  7.1285496e-001 -5.4954323e-001
  4.5000000e+000  7.0260000e-001 -5.3130275e-001
  4.5100000e+000  6.9246064e-001 -5.1189449e-001
  4.5200000e+000  6.8243757e-001 -4.9143350e-001
  4.5300000e+000  6.7253129e-001 -4.7004387e-001
  4.5400000e+000  6.6274231e-001 -4.4785644e-001
  4.5500000e+000  6.5307114e-001 -4.2500650e-001
  4.5600000e+000  6.4351827e-001 -4.0163156e-001
  4.5700000e+000  6.3408422e-001 -3.7786908e-001
  4.5800000e+000  6.2476948e-001 -3.5385435e-001
  4.5900000e+000  6.1557458e-001 -3.2971858e-001
  4.6000000e+000  6.0650000e-001 -3.0558717e-001
  4.6100000e+000  5.9754588e-001 -2.8157860e-001
  4.6200000e+000  5.8871080e-001 -2.5780442e-001
  4.6300000e+000  5.7999296e-001 -2.3436718e-001
  4.6400000e+000  5.7139057e-001 -2.1135943e-001
  4.6500000e+000  5.6290183e-001 -1.8886336e-001
  4.6600000e+000  5.5452494e-001 -1.6695066e-001
  4.6700000e+000  5.4625811e-001 -1.4568264e-001
  4.6800000e+000  5.3809954e-001 -1.2511051e-001
  4.6900000e+000  5.3004744e-001 -1.0527580e-001
  4.7000000e+000  5.2210000e-001 -8.6210947e-002
  4.7100000e+000  5.1425545e-001 -6.7939867e-002
  4.7200000e+000  5.0651204e-001 -5.0478663e-002
  4.7300000e+000  4.9886807e-001 -3.3836381e-002
  4.7400000e+000  4.9132182e-001 -1.8015768e-002
  4.7500000e+000  4.8387155e-001 -3.0140157e-003
  4.7600000e+000  4.7651557e-001  1.1176528e-002
  4.7700000e+000  4.6925214e-001  2.4567671e-002
  4.7800000e+000  4.6207955e-001  3.7174730e-002
  4.7900000e+000  4.5499607e-001  4.9015938e-002
  4.8000000e+000  4.4800000e-001  6.0111897e-002
  4.8100000e+000  4.4108954e-001  7.0485011e-002
  4.8200000e+000  4.3426263e-001  8.0158841e-002
  4.8300000e+000  4.2751715e-001  8.9157914e-002
  4.8400000e+000  4.2085097e-001  9.7507445e-002
  4.8500000e+000  4.1426196e-001  1.0523304e-001
  4.8600000e+000  4.0774799e-001  1.1236043e-001
  4.8700000e+000  4.0130693e-001  1.1891525e-001
  4.8800000e+000  3.9493667e-001  1.2492289e-001
  4.8900000e+000  3.8863507e-001  1.3040826e-001
  4.9000000e+000  3.8240000e-001  1.3539577e-001
  4.9100000e+000  3.7622950e-001  1.3990930e-001
  4.9200000e+000  3.7012223e-001  1.4397263e-001
  4.9300000e+000  3.6407702e-001  1.4760894e-001
  4.9400000e+000  3.5809271e-001  1.5084054e-001
  4.9500000e+000  3.5216812e-001  1.5368890e-001
  4.9600000e+000  3.4630208e-001  1.5617458e-001
  4.9700000e+000  3.4049342e-001  1.5831727e-001
  4.9800000e+000  3.3474097e-001  1.6013577e-001
  4.9900000e+000  3.2904355e-001  1.6164799e-001
  5.0000000e+000  3.2340000e-001  1.6287098e-001
  5.0100000e+000  3.1780927e-001  1.6382105e-001
  5.0200000e+000  3.1227085e-001  1.6451423e-001
  5.0300000e+000  3.0678435e-001  1.6496587e-001
  5.0400000e+000  3.0134938e-001  1.6519053e-001
  5.0500000e+000  2.9596555e-001  1.6520204e-001
  5.0600000e+000  2.9063248e-001  1.6501349e-001
  5.0700000e+000  2.8534978e-001  1.6463729e-001
  5.0800000e+000  2.8011705e-001  1.6408519e-001
  5.0900000e+000  2.7493392e-001  1.6336830e-001
  5.1000000e+000  2.6980000e-001  1.6249713e-001
  5.1100000e+000  2.6471491e-001  1.6148164e-001
  5.1200000e+000  2.5967836e-001  1.6033131e-001
  5.1300000e+000  2.5469008e-001  1.5905511e-001
  5.1400000e+000  2.4974977e-001  1.5766154e-001
  5.1500000e+000  2.4485717e-001  1.5615860e-001
  5.1600000e+000  2.4001200e-001  1.5455388e-001
  5.1700000e+000  2.3521397e-001  1.5285452e-001
  5.1800000e+000  2.3046282e-001  1.5106730e-001
  5.1900000e+000  2.2575825e-001  1.4919857e-001
  5.2000000e+000  2.2110000e-001  1.4725438e-001
  5.2100000e+000  2.1648778e-001  1.4524039e-001
  5.2200000e+000  2.1192129e-001  1.4316198e-001
  5.2300000e+000  2.0740025e-001  1.4102417e-001
  5.2400000e+000  2.0292434e-001  1.3883174e-001
  5.2500000e+000  1.9849326e-001  1.3658919e-001
  5.2600000e+000  1.9410673e-001  1.3430074e-001
  5.2700000e+000  1.8976443e-001  1.3197042e-001
  5.2800000e+000  1.8546608e-001  1.2960198e-001
  5.2900000e+000  1.8121137e-001  1.2719900e-001
  5.3000000e+000  1.7700000e-001  1.2476483e-001
  5.3100000e+000  1.7283177e-001  1.2230275e-001
  5.3200000e+000  1.6870686e-001  1.1981622e-001
  5.3300000e+000  1.6462554e-001  1.1730863e-001
  5.3400000e+000  1.6058809e-001  1.1478323e-001
  5.3500000e+000  1.5659478e-001  1.1224310e-001
  5.3600000e+000  1.5264589e-001  1.0969117e-001
  5.3700000e+000  1.4874169e-001  1.0713025e-001
  5.3800000e+000  1.4488246e-001  1.0456301e-001
  5.3900000e+000  1.4106847e-001  1.0199203e-001
  5.4000000e+000  1.3730000e-001  9.9419727e-002
  5.4100000e+000  1.3357734e-001  9.6848469e-002
  5.4200000e+000  1.2990088e-001  9.4280589e-002
  5.4300000e+000  1.2627100e-001  9.1718346e-002
  5.4400000e+000  1.2268812e-001  8.9163912e-002
  5.4500000e+000  1.1915263e-001  8.6619366e-002
  5.4600000e+000  1.1566492e-001  8.4086712e-002
  5.4700000e+000  1.1222541e-001  8.1567871e-002
  5.4800000e+000  1.0883448e-001  7.9064695e-002
  5.4900000e+000  1.0549255e-001  7.6578963e-002
  5.5000000e+000  1.0220000e-001  7.4112392e-002
  5.5100000e+000  9.8957361e-002  7.1666753e-002
  5.5200000e+000  9.5765637e-002  6.9244249e-002
  5.5300000e+000  9.2625954e-002  6.6847142e-002
  5.5400000e+000  8.9539440e-002  6.4477646e-002
  5.5500000e+000  8.6507221e-002  6.2137922e-002
  5.5600000e+000  8.3530425e-002  5.9830084e-002
  5.5700000e+000  8.0610177e-002  5.7556201e-002
  5.5800000e+000  7.7747606e-002  5.5318298e-002
  5.5900000e+000  7.4943838e-002  5.3118361e-002
  5.6000000e+000  7.2200000e-002  5.0958335e-002
  5.6100000e+000  6.9517213e-002  4.8840125e-002
  5.6200000e+000  6.6896576e-002  4.6765576e-002
  5.6300000e+000  6.4339181e-002  4.4736495e-002
  5.6400000e+000  6.1846121e-002  4.2754658e-002
  5.6500000e+000  5.9418490e-002  4.0821811e-002
  5.6600000e+000  5.7057379e-002  3.8939670e-002
  5.6700000e+000  5.4763882e-002  3.7109925e-002
  5.6800000e+000  5.2539091e-002  3.5334241e-002
  5.6900000e+000  5.0384100e-002  3.3614257e-002
  5.7000000e+000  4.8300000e-002  3.1951589e-002
  5.7100000e+000  4.6287587e-002  3.0347533e-002
  5.7200000e+000  4.4346460e-002  2.8802168e-002
  5.7300000e+000  4.2475922e-002  2.7315256e-002
  5.7400000e+000  4.0675274e-002  2.5886539e-002
  5.7500000e+000  3.8943819e-002  2.4515742e-002
  5.7600000e+000  3.7280859e-002  2.3202572e-002
  5.7700000e+000  3.5685695e-002  2.1946716e-002
  5.7800000e+000  3.4157629e-002  2.0747851e-002
  5.7900000e+000  3.2695963e-002  1.9605634e-002
  5.8000000e+000  3.1300000e-002  1.8519709e-002
  5.8100000e+000  2.9968940e-002  1.7489608e-002
  5.8200000e+000  2.8701584e-002  1.6514444e-002
  5.8300000e+000  2.7496632e-002  1.5593220e-002
  5.8400000e+000  2.6352781e-002  1.4724926e-002
  5.8500000e+000  2.5268733e-002  1.3908541e-002
  5.8600000e+000  2.4243186e-002  1.3143032e-002
  5.8700000e+000  2.3274839e-002  1.2427357e-002
  5.8800000e+000  2.2362393e-002  1.1760463e-002
  5.8900000e+000  2.1504547e-002  1.1141287e-002
  5.9000000e+000  2.0700000e-002  1.0568757e-002
  5.9100000e+000  1.9946952e-002  1.0041294e-002
  5.9200000e+000  1.9241602e-002  9.5553092e-003
  5.9300000e+000  1.8579652e-002  9.1067065e-003
  5.9400000e+000  1.7956801e-002  8.6913822e-003
  5.9500000e+000  1.7368750e-002  8.3052254e-003
  5.9600000e+000  1.6811199e-002  7.9441179e-003
  5.9700000e+000  1.6279848e-002  7.6039348e-003
  5.9800000e+000  1.5770398e-002  7.2805448e-003
  5.9900000e+000  1.5278548e-002  6.9698104e-003
  6.0000000e+000  1.4800000e-002  6.6675880e-003
  6.0100000e+000  1.4331253e-002  6.3705283e-003
  6.0200000e+000  1.3872007e-002  6.0784760e-003
  6.0300000e+000  1.3422761e-002  5.7920704e-003
  6.0400000e+000  1.2984014e-002  5.5119457e-003
  6.0500000e+000  1.2556267e-002  5.2387314e-003
  6.0600000e+000  1.2140019e-002  4.9730522e-003
  6.0700000e+000  1.1735768e-002  4.7155286e-003
  6.0800000e+000  1.1344015e-002  4.4667766e-003
  6.0900000e+000  1.0965260e-002  4.2274082e-003
  6.1000000e+000  1.0600000e-002  3.9980316e-003
  6.1100000e+000  1.0248537e-002  3.7790515e-003
  6.1200000e+000  9.9103713e-003  3.5700705e-003
  6.1300000e+000  9.5848055e-003  3.3704885e-003
  6.1400000e+000  9.2711414e-003  3.1797017e-003
  6.1500000e+000  8.9686809e-003  2.9971033e-003
  6.1600000e+000  8.6767259e-003  2.8220832e-003
  6.1700000e+000  8.3945784e-003  2.6540286e-003
  6.1800000e+000  8.1215403e-003  2.4923235e-003
  6.1900000e+000  7.8569135e-003  2.3363495e-003
  6.2000000e+000  7.6000000e-003  2.1854854e-003
  6.2100000e+000  7.3502002e-003  2.0392057e-003
  6.2200000e+000  7.1073084e-003  1.8973768e-003
  6.2300000e+000  6.8712174e-003  1.7599608e-003
  6.2400000e+000  6.6418200e-003  1.6269179e-003
  6.2500000e+000  6.4190092e-003  1.4982058e-003
  6.2600000e+000  6.2026775e-003  1.3737803e-003
  6.2700000e+000  5.9927180e-003  1.2535951e-003
  6.2800000e+000  5.7890234e-003  1.1376018e-003
  6.2900000e+000  5.5914864e-003  1.0257505e-003
  6.3000000e+000  5.4000000e-003  9.1798897e-004
  6.3100000e+000  5.2144626e-003  8.1426931e-004
  6.3200000e+000  5.0347953e-003  7.1456441e-004
  6.3300000e+000  4.8609250e-003  6.1885123e-004
  6.3400000e+000  4.6927784e-003  5.2710517e-004
  6.3500000e+000  4.5302825e-003  4.3930012e-004
  6.3600000e+000  4.3733639e-003  3.5540849e-004
  6.3700000e+000  4.2219496e-003  2.7540129e-004
  6.3800000e+000  4.0759663e-003  1.9924819e-004
  6.3900000e+000  3.9353408e-003  1.2691751e-004
  6.4000000e+000  3.8000000e-003  5.8376327e-005
  6.4100000e+000  3.6698495e-003 -6.4306538e-006
  6.4200000e+000  3.5447105e-003 -6.7644504e-005
  6.4300000e+000  3.4243827e-003 -1.2542858e-004
  6.4400000e+000  3.3086663e-003 -1.7994734e-004
  6.4500000e+000  3.1973610e-003 -2.3136631e-004
  6.4600000e+000  3.0902668e-003 -2.7985204e-004
  6.4700000e+000  2.9871837e-003 -3.2557207e-004
  6.4800000e+000  2.8879116e-003 -3.6869491e-004
  6.4900000e+000  2.7922504e-003 -4.0938998e-004
  6.5000000e+000  2.7000000e-003 -4.4782762e-004
  6.5100000e+000  2.6109393e-003 -4.8420009e-004
  6.5200000e+000  2.5247629e-003 -5.1878481e-004
  6.5300000e+000  2.4411441e-003 -5.5188110e-004
  6.5400000e+000  2.3597566e-003 -5.8378903e-004
  6.5500000e+000  2.2802736e-003 -6.1480945e-004
  6.5600000e+000  2.2023688e-003 -6.4524395e-004
  6.5700000e+000  2.1257156e-003 -6.7539482e-004
  6.5800000e+000  2.0499874e-003 -7.0556503e-004
  6.5900000e+000  1.9748577e-003 -7.3605822e-004
  6.6000000e+000  1.9000000e-003 -7.6717869e-004
  6.6100000e+000  1.8251932e-003 -7.9912588e-004
  6.6200000e+000  1.7506380e-003 -8.3167803e-004
  6.6300000e+000  1.6766407e-003 -8.6450852e-004
  6.6400000e+000  1.6035075e-003 -8.9729125e-004
  6.6500000e+000  1.5315445e-003 -9.2970072e-004
  6.6600000e+000  1.4610579e-003 -9.6141194e-004
  6.6700000e+000  1.3923539e-003 -9.9210042e-004
  6.6800000e+000  1.3257389e-003 -1.0214422e-003
  6.6900000e+000  1.2615188e-003 -1.0491137e-003
  6.7000000e+000  1.2000000e-003 -1.0747921e-003
  6.7100000e+000  1.1413879e-003 -1.0982553e-003
  6.7200000e+000  1.0854850e-003 -1.1196851e-003
  6.7300000e+000  1.0319929e-003 -1.1393641e-003
  6.7400000e+000  9.8061355e-004 -1.1575756e-003
  6.7500000e+000  9.3104855e-004 -1.1746031e-003
  6.7600000e+000  8.8299967e-004 -1.1907306e-003
  6.7700000e+000  8.3616864e-004 -1.2062423e-003
  6.7800000e+000  7.9025719e-004 -1.2214231e-003
  6.7900000e+000  7.4496707e-004 -1.2365579e-003
  6.8000000e+000  7.0000000e-004 -1.2519321e-003
  6.8100000e+000  6.5515524e-004 -1.2677340e-003
  6.8200000e+000  6.1062214e-004 -1.2837621e-003
  6.8300000e+000  5.6668755e-004 -1.2997175e-003
  6.8400000e+000  5.2363833e-004 -1.3153018e-003
  6.8500000e+000  4.8176134e-004 -1.3302168e-003
  6.8600000e+000  4.4134345e-004 -1.3441648e-003
  6.8700000e+000  4.0267150e-004 -1.3568481e-003
  6.8800000e+000  3.6603238e-004 -1.3679694e-003
  6.8900000e+000  3.3171292e-004 -1.3772316e-003
  6.9000000e+000  3.0000000e-004 -1.3843380e-003
  6.9100000e+000  2.7109113e-004 -1.3890813e-003
  6.9200000e+000  2.4482649e-004 -1.3916120e-003
  6.9300000e+000  2.2095688e-004 -1.3921700e-003
  6.9400000e+000  1.9923314e-004 -1.3909956e-003
  6.9500000e+000  1.7940609e-004 -1.3883290e-003
  6.9600000e+000  1.6122655e-004 -1.3844110e-003
  6.9700000e+000  1.4444535e-004 -1.3794824e-003
  6.9800000e+000  1.2881331e-004 -1.3737843e-003
  6.9900000e+000  1.1408125e-004 -1.3675578e-003
  7.0000000e+000  1.0000000e-004 -1.3610445e-003
  7.0100000e+000  8.6380220e-005 -1.3544261e-003
  7.0200000e+000  7.3271917e-005 -1.3476453e-003
  7.0300000e+000  6.0784934e-005 -1.3405850e-003
  7.0400000e+000  4.9029118e-005 -1.3331283e-003
  7.0500000e+000  3.8114312e-005 -1.3251585e-003
  7.0600000e+000  2.8150361e-005 -1.3165592e-003
  7.0700000e+000  1.9247109e-005 -1.3072138e-003
  7.0800000e+000  1.1514402e-005 -1.2970063e-003
  7.0900000e+000  0.0000000e+000 -1.2908827e-003
  7.1000000e+000  0.0000000e+000 -1.2735406e-003
  7.1100000e+000  0.0000000e+000 -1.2564887e-003
  7.1200000e+000  0.0000000e+000 -1.2397211e-003
  7.1300000e+000  0.0000000e+000 -1.2232321e-003
  7.1400000e+000  0.0000000e+000 -1.2070162e-003
  7.1500000e+000  0.0000000e+000 -1.1910680e-003
  7.1600000e+000  0.0000000e+000 -1.1753822e-003
  7.1700000e+000  0.0000000e+000 -1.1599537e-003
  7.1800000e+000  0.0000000e+000 -1.1447774e-003
  7.1900000e+000  0.0000000e+000 -1.1298484e-003
  7.2000000e+000  0.0000000e+000 -1.1151619e-003
  7.2100000e+000  0.0000000e+000 -1.1007131e-003
  7.2200000e+000  0.0000000e+000 -1.0864974e-003
  7.2300000e+000  0.0000000e+000 -1.0725105e-003
  7.2400000e+000  0.0000000e+000 -1.0587478e-003
  7.2500000e+000  0.0000000e+000 -1.0452050e-003
  7.2600000e+000  0.0000000e+000 -1.0318780e-003
  7.2700000e+000  0.0000000e+000 -1.0187627e-003
  7.2800000e+000  0.0000000e+000 -1.0058550e-003
  7.2900000e+000  0.0000000e+000 -9.9315097e-004
  7.3000000e+000  0.0000000e+000 -9.8064683e-004
  7.3100000e+000  0.0000000e+000 -9.6833878e-004
  7.3200000e+000  0.0000000e+000 -9.5622316e-004
  7.3300000e+000  0.0000000e+000 -9.4429636e-004
  7.3400000e+000  0.0000000e+000 -9.3255487e-004
  7.3500000e+000  0.0000000e+000 -9.2099524e-004
  7.3600000e+000  0.0000000e+000 -9.0961411e-004
  7.3700000e+000  0.0000000e+000 -8.9840818e-004
  7.3800000e+000  0.0000000e+000 -8.8737422e-004
  7.3900000e+000  0.0000000e+000 -8.7650908e-004
  7.4000000e+000  0.0000000e+000 -8.6580967e-004
  7.4100000e+000  0.0000000e+000 -8.5527297e-004
  7.4200000e+000  0.0000000e+000 -8.4489602e-004
  7.4300000e+000  0.0000000e+000 -8.3467592e-004
  7.4400000e+000  0.0000000e+000 -8.2460983e-004
  7.4500000e+000  0.0000000e+000 -8.1469499e-004
  7.4600000e+000  0.0000000e+000 -8.0492867e-004
  7.4700000e+000  0.0000000e+000 -7.9530821e-004
  7.4800000e+000  0.0000000e+000 -7.8583101e-004
  7.4900000e+000  0.0000000e+000 -7.7649452e-004
  7.5000000e+000  0.0000000e+000 -7.6729624e-004
  7.5100000e+000  0.0000000e+000 -7.5823371e-004
  7.5200000e+000  0.0000000e+000 -7.4930455e-004
  7.5300000e+000  0.0000000e+000 -7.4050641e-004
  7.5400000e+000  0.0000000e+000 -7.3183698e-004
  7.5500000e+000  0.0000000e+000 -7.2329402e-004
  7.5600000e+000  0.0000000e+000 -7.1487532e-004
  7.5700000e+000  0.0000000e+000 -7.0657871e-004
  7.5800000e+000  0.0000000e+000 -6.9840209e-004
  7.5900000e+000  0.0000000e+000 -6.9034336e-004
  7.6000000e+000  0.0000000e+000 -6.8240051e-004
  7.6100000e+000  0.0000000e+000 -6.7457154e-004
  7.6200000e+000  0.0000000e+000 -6.6685449e-004
  7.6300000e+000  0.0000000e+000 -6.5924745e-004
  7.6400000e+000  0.0000000e+000 -6.5174854e-004
  7.6500000e+000  0.0000000e+000 -6.4435593e-004
  7.6600000e+000  0.0000000e+000 -6.3706782e-004
  7.6700000e+000  0.0000000e+000 -6.2988243e-004
  7.6800000e+000  0.0000000e+000 -6.2279803e-004
  7.6900000e+000  0.0000000e+000 -6.1581294e-004
  7.7000000e+000  0.0000000e+000 -6.0892547e-004
  7.7100000e+000  0.0000000e+000 -6.0213400e-004
  7.7200000e+000  0.0000000e+000 -5.9543693e-004
  7.7300000e+000  0.0000000e+000 -5.8883269e-004
  7.7400000e+000  0.0000000e+000 -5.8231974e-004
  7.7500000e+000  0.0000000e+000 -5.7589657e-004
  7.7600000e+000  0.0000000e+000 -5.6956169e-004
  7.7700000e+000  0.0000000e+000 -5.6331367e-004
  7.7800000e+000  0.0000000e+000 -5.5715106e-004
  7.7900000e+000  0.0000000e+000 -5.5107249e-004
  7.8000000e+000  0.0000000e+000 -5.4507656e-004
  7.8100000e+000  0.0000000e+000 -5.3916195e-004
  7.8200000e+000  0.0000000e+000 -5.3332733e-004
  7.8300000e+000  0.0000000e+000 -5.2757140e-004
  7.8400000e+000  0.0000000e+000 -5.2189290e-004
  7.8500000e+000  0.0000000e+000 -5.1629058e-004
  7.8600000e+000  0.0000000e+000 -5.1076322e-004
  7.8700000e+000  0.0000000e+000 -5.0530961e-004
  7.8800000e+000  0.0000000e+000 -4.9992859e-004
  7.8900000e+000  0.0000000e+000 -4.9461898e-004
  7.9000000e+000  0.0000000e+000 -4.8937967e-004
  7.9100000e+000  0.0000000e+000 -4.8420954e-004
  7.9200000e+000  0.0000000e+000 -4.7910749e-004
  7.9300000e+000  0.0000000e+000 -4.7407245e-004
  7.9400000e+000  0.0000000e+000 -4.6910336e-004
  7.9500000e+000  0.0000000e+000 -4.6419920e-004
  7.9600000e+000  0.0000000e+000 -4.5935895e-004
  7.9700000e+000  0.0000000e+000 -4.5458161e-004
  7.9800000e+000  0.0000000e+000 -4.4986621e-004
  7.9900000e+000  0.0000000e+000 -4.4521178e-004
  8.0000000e+000  0.0000000e+000 -4.4061738e-004
  8.0100000e+000  0.0000000e+000 -4.3608208e-004
  8.0200000e+000  0.0000000e+000 -4.3160497e-004
  8.0300000e+000  0.0000000e+000 -4.2718516e-004
  8.0400000e+000  0.0000000e+000 -4.2282178e-004
  8.0500000e+000  0.0000000e+000 -4.1851395e-004
  8.0600000e+000  0.0000000e+000 -4.1426084e-004
  8.0700000e+000  0.0000000e+000 -4.1006161e-004
  8.0800000e+000  0.0000000e+000 -4.0591545e-004
  8.0900000e+000  0.0000000e+000 -4.0182155e-004
  8.1000000e+000  0.0000000e+000 -3.9777912e-004
  8.1100000e+000  0.0000000e+000 -3.9378739e-004
  8.1200000e+000  0.0000000e+000 -3.8984560e-004
  8.1300000e+000  0.0000000e+000 -3.8595300e-004
  8.1400000e+000  0.0000000e+000 -3.8210886e-004
  8.1500000e+000  0.0000000e+000 -3.7831245e-004
  8.1600000e+000  0.0000000e+000 -3.7456307e-004
  8.1700000e+000  0.0000000e+000 -3.7086001e-004
  8.1800000e+000  0.0000000e+000 -3.6720260e-004
  8.1900000e+000  0.0000000e+000 -3.6359016e-004
  8.2000000e+000  0.0000000e+000 -3.6002202e-004
  8.2100000e+000  0.0000000e+000 -3.5649754e-004
  8.2200000e+000  0.0000000e+000 -3.5301608e-004
  8.2300000e+000  0.0000000e+000 -3.4957701e-004
  8.2400000e+000  0.0000000e+000 -3.4617972e-004
  8.2500000e+000  0.0000000e+000 -3.4282358e-004
  8.2600000e+000  0.0000000e+000 -3.3950801e-004
  8.2700000e+000  0.0000000e+000 -3.3623243e-004
  8.2800000e+000  0.0000000e+000 -3.3299625e-004
  8.2900000e+000  0.0000000e+000 -3.2979890e-004
  8.3000000e+000  0.0000000e+000 -3.2663983e-004
  8.3100000e+000  0.0000000e+000 -3.2351849e-004
  8.3200000e+000  0.0000000e+000 -3.2043435e-004
  8.3300000e+000  0.0000000e+000 -3.1738686e-004
  8.3400000e+000  0.0000000e+000 -3.1437551e-004
  8.3500000e+000  0.0000000e+000 -3.1139979e-004
  8.3600000e+000  0.0000000e+000 -3.0845918e-004
  8.3700000e+000  0.0000000e+000 -3.0555321e-004
  8.3800000e+000  0.0000000e+000 -3.0268137e-004
  8.3900000e+000  0.0000000e+000 -2.9984318e-004
  8.4000000e+000  0.0000000e+000 -2.9703818e-004
  8.4100000e+000  0.0000000e+000 -2.9426591e-004
  8.4200000e+000  0.0000000e+000 -2.9152589e-004
  8.4300000e+000  0.0000000e+000 -2.8881769e-004
  8.4400000e+000  0.0000000e+000 -2.8614086e-004
  8.4500000e+000  0.0000000e+000 -2.8349497e-004
  8.4600000e+000  0.0000000e+000 -2.8087958e-004
  8.4700000e+000  0.0000000e+000 -2.7829429e-004
  8.4800000e+000  0.0000000e+000 -2.7573867e-004
  8.4900000e+000  0.0000000e+000 -2.7321231e-004
  8.5000000e+000  0.0000000e+000 -2.7071482e-004
  8.5100000e+000  0.0000000e+000 -2.6824579e-004
  8.5200000e+000  0.0000000e+000 -2.6580485e-004
  8.5300000e+000  0.0000000e+000 -2.6339161e-004
  8.5400000e+000  0.0000000e+000 -2.6100569e-004
  8.5500000e+000  0.0000000e+000 -2.5864672e-004
  8.5600000e+000  0.0000000e+000 -2.5631434e-004
  8.5700000e+000  0.0000000e+000 -2.5400819e-004
  8.5800000e+000  0.0000000e+000 -2.5172791e-004
  8.5900000e+000  0.0000000e+000 -2.4947316e-004
  8.6000000e+000  0.0000000e+000 -2.4724360e-004
  8.6100000e+000  0.0000000e+000 -2.4503889e-004
  8.6200000e+000  0.0000000e+000 -2.4285869e-004
  8.6300000e+000  0.0000000e+000 -2.4070269e-004
  8.6400000e+000  0.0000000e+000 -2.3857056e-004
  8.6500000e+000  0.0000000e+000 -2.3646198e-004
  8.6600000e+000  0.0000000e+000 -2.3437664e-004
  8.6700000e+000  0.0000000e+000 -2.3231424e-004
  8.6800000e+000  0.0000000e+000 -2.3027447e-004
  8.6900000e+000  0.0000000e+000 -2.2825704e-004
  8.7000000e+000  0.0000000e+000 -2.2626165e-004
  8.7100000e+000  0.0000000e+000 -2.2428801e-004
  8.7200000e+000  0.0000000e+000 -2.2233585e-004
  8.7300000e+000  0.0000000e+000 -2.2040488e-004
  8.7400000e+000  0.0000000e+000 -2.1849482e-004
  8.7500000e+000  0.0000000e+000 -2.1660541e-004
  8.7600000e+000  0.0000000e+000 -2.1473637e-004
  8.7700000e+000  0.0000000e+000 -2.1288745e-004
  8.7800000e+000  0.0000000e+000 -2.1105839e-004
  8.7900000e+000  0.0000000e+000 -2.0924892e-004
  8.8000000e+000  0.0000000e+000 -2.0745880e-004
  8.8100000e+000  0.0000000e+000 -2.0568779e-004
  8.8200000e+000  0.0000000e+000 -2.0393563e-004
  8.8300000e+000  0.0000000e+000 -2.0220208e-004
  8.8400000e+000  0.0000000e+000 -2.0048692e-004
  8.8500000e+000  0.0000000e+000 -1.9878990e-004
  8.8600000e+000  0.0000000e+000 -1.9711080e-004
  8.8700000e+000  0.0000000e+000 -1.9544938e-004
  8.8800000e+000  0.0000000e+000 -1.9380544e-004
  8.8900000e+000  0.0000000e+000 -1.9217874e-004
  8.9000000e+000  0.0000000e+000 -1.9056907e-004
  8.9100000e+000  0.0000000e+000 -1.8897621e-004
  8.9200000e+000  0.0000000e+000 -1.8739997e-004
  8.9300000e+000  0.0000000e+000 -1.8584012e-004
  8.9400000e+000  0.0000000e+000 -1.8429647e-004
  8.9500000e+000  0.0000000e+000 -1.8276881e-004
  8.9600000e+000  0.0000000e+000 -1.8125694e-004
  8.9700000e+000  0.0000000e+000 -1.7976068e-004
  8.9800000e+000  0.0000000e+000 -1.7827982e-004
  8.9900000e+000  0.0000000e+000 -1.7681418e-004
  9.0000000e+000  0.0000000e+000 -1.7536356e-004
  9.0100000e+000  0.0000000e+000 -1.7392780e-004
  9.0200000e+000  0.0000000e+000 -1.7250669e-004
  9.0300000e+000  0.0000000e+000 -1.7110007e-004
  9.0400000e+000  0.0000000e+000 -1.6970775e-004
  9.0500000e+000  0.0000000e+000 -1.6832957e-004
  9.0600000e+000  0.0000000e+000 -1.6696535e-004
  9.0700000e+000  0.0000000e+000 -1.6561492e-004
  9.0800000e+000  0.0000000e+000 -1.6427812e-004
  9.0900000e+000  0.0000000e+000 -1.6295477e-004
  9.1000000e+000  0.0000000e+000 -1.6164473e-004
  9.1100000e+000  0.0000000e+000 -1.6034782e-004
  9.1200000e+000  0.0000000e+000 -1.5906389e-004
  9.1300000e+000  0.0000000e+000 -1.5779278e-004
  9.1400000e+000  0.0000000e+000 -1.5653435e-004
  9.1500000e+000  0.0000000e+000 -1.5528843e-004
  9.1600000e+000  0.0000000e+000 -1.5405489e-004
  9.1700000e+000  0.0000000e+000 -1.5283357e-004
  9.1800000e+000  0.0000000e+000 -1.5162432e-004
  9.1900000e+000  0.0000000e+000 -1.5042702e-004
  9.2000000e+000  0.0000000e+000 -1.4924150e-004
  9.2100000e+000  0.0000000e+000 -1.4806765e-004
  9.2200000e+000  0.0000000e+000 -1.4690531e-004
  9.2300000e+000  0.0000000e+000 -1.4575435e-004
  9.2400000e+000  0.0000000e+000 -1.4461464e-004
  9.2500000e+000  0.0000000e+000 -1.4348605e-004
  9.2600000e+000  0.0000000e+000 -1.4236845e-004
  9.2700000e+000  0.0000000e+000 -1.4126170e-004
  9.2800000e+000  0.0000000e+000 -1.4016569e-004
  9.2900000e+000  0.0000000e+000 -1.3908029e-004
  9.3000000e+000  0.0000000e+000 -1.3800537e-004
  9.3100000e+000  0.0000000e+000 -1.3694082e-004
  9.3200000e+000  0.0000000e+000 -1.3588651e-004
  9.3300000e+000  0.0000000e+000 -1.3484233e-004
  9.3400000e+000  0.0000000e+000 -1.3380816e-004
  9.3500000e+000  0.0000000e+000 -1.3278388e-004
  9.3600000e+000  0.0000000e+000 -1.3176939e-004
  9.3700000e+000  0.0000000e+000 -1.3076456e-004
  9.3800000e+000  0.0000000e+000 -1.2976929e-004
  9.3900000e+000  0.0000000e+000 -1.2878348e-004
  9.4000000e+000  0.0000000e+000 -1.2780700e-004
  9.4100000e+000  0.0000000e+000 -1.2683977e-004
  9.4200000e+000  0.0000000e+000 -1.2588166e-004
  9.4300000e+000  0.0000000e+000 -1.2493259e-004
  9.4400000e+000  0.0000000e+000 -1.2399244e-004
  9.4500000e+000  0.0000000e+000 -1.2306112e-004
  9.4600000e+000  0.0000000e+000 -1.2213853e-004
  9.4700000e+000  0.0000000e+000 -1.2122456e-004
  9.4800000e+000  0.0000000e+000 -1.2031913e-004
  9.4900000e+000  0.0000000e+000 -1.1942213e-004
  9.5000000e+000  0.0000000e+000 -1.1853348e-004
  9.5100000e+000  0.0000000e+000 -1.1765308e-004
  9.5200000e+000  0.0000000e+000 -1.1678084e-004
  9.5300000e+000  0.0000000e+000 -1.1591666e-004
  9.5400000e+000  0.0000000e+000 -1.1506047e-004
  9.5500000e+000  0.0000000e+000 -1.1421216e-004
  9.5600000e+000  0.0000000e+000 -1.1337166e-004
  9.5700000e+000  0.0000000e+000 -1.1253887e-004
  9.5800000e+000  0.0000000e+000 -1.1171372e-004
  9.5900000e+000  0.0000000e+000 -1.1089611e-004
  9.6000000e+000  0.0000000e+000 -1.1008597e-004
  9.6100000e+000  0.0000000e+000 -1.0928322e-004
  9.6200000e+000  0.0000000e+000 -1.0848776e-004
  9.6300000e+000  0.0000000e+000 -1.0769954e-004
  9.6400000e+000  0.0000000e+000 -1.0691845e-004
  9.6500000e+000  0.0000000e+000 -1.0614444e-004
  9.6600000e+000  0.0000000e+000 -1.0537742e-004
  9.6700000e+000  0.0000000e+000 -1.0461731e-004
  9.6800000e+000  0.0000000e+000 -1.0386404e-004
  9.6900000e+000  0.0000000e+000 -1.0311754e-004
  9.7000000e+000  0.0000000e+000 -1.0237774e-004
  9.7100000e+000  0.0000000e+000 -1.0164455e-004
  9.7200000e+000  0.0000000e+000 -1.0091792e-004
  9.7300000e+000  0.0000000e+000 -1.0019777e-004
  9.7400000e+000  0.0000000e+000 -9.9484033e-005
  9.7500000e+000  0.0000000e+000 -9.8776638e-005
  9.7600000e+000  0.0000000e+000 -9.8075520e-005
  9.7700000e+000  0.0000000e+000 -9.7380611e-005
  9.7800000e+000  0.0000000e+000 -9.6691845e-005
  9.7900000e+000  0.0000000e+000 -9.6009158e-005
  9.8000000e+000  0.0000000e+000 -9.5332486e-005
  9.8100000e+000  0.0000000e+000 -9.4661764e-005
  9.8200000e+000  0.0000000e+000 -9.3996930e-005
  9.8300000e+000  0.0000000e+000 -9.3337922e-005
  9.8400000e+000  0.0000000e+000 -9.2684680e-005
  9.8500000e+000  0.0000000e+000 -9.2037142e-005
  9.8600000e+000  0.0000000e+000 -9.1395249e-005
  9.8700000e+000  0.0000000e+000 -9.0758942e-005
  9.8800000e+000  0.0000000e+000 -9.0128162e-005
  9.8900000e+000  0.0000000e+000 -8.9502853e-005
  9.9000000e+000  0.0000000e+000 -8.8882958e-005
  9.9100000e+000  0.0000000e+000 -8.8268419e-005
  9.9200000e+000  0.0000000e+000 -8.7659183e-005
  9.9300000e+000  0.0000000e+000 -8.7055193e-005
  9.9400000e+000  0.0000000e+000 -8.6456396e-005
  9.9500000e+000  0.0000000e+000 -8.5862739e-005
  9.9600000e+000  0.0000000e+000 -8.5274169e-005
  9.9700000e+000  0.0000000e+000 -8.4690632e-005
  9.9800000e+000  0.0000000e+000 -8.4112079e-005
  9.9900000e+000  0.0000000e+000 -8.3538457e-005
  1.0000000e+001  0.0000000e+000 -8.2969717e-005
  1.0010000e+001  0.0000000e+000 -8.2405808e-005
  1.0020000e+001  0.0000000e+000 -8.1846682e-005
  1.0030000e+001  0.0000000e+000 -8.1292290e-005
  1.0040000e+001  0.0000000e+000 -8.0742584e-005
  1.0050000e+001  0.0000000e+000 -8.0197516e-005
  1.0060000e+001  0.0000000e+000 -7.9657040e-005
  1.0070000e+001  0.0000000e+000 -7.9121109e-005
  1.0080000e+001  0.0000000e+000 -7.8589678e-005
  1.0090000e+001  0.0000000e+000 -7.8062700e-005
  1.0100000e+001  0.0000000e+000 -7.7540133e-005
  1.0110000e+001  0.0000000e+000 -7.7021930e-005
  1.0120000e+001  0.0000000e+000 -7.6508049e-005
  1.0130000e+001  0.0000000e+000 -7.5998447e-005
  1.0140000e+001  0.0000000e+000 -7.5493080e-005
  1.0150000e+001  0.0000000e+000 -7.4991907e-005
  1.0160000e+001  0.0000000e+000 -7.4494886e-005
  1.0170000e+001  0.0000000e+000 -7.4001975e-005
  1.0180000e+001  0.0000000e+000 -7.3513134e-005
  1.0190000e+001  0.0000000e+000 -7.3028324e-005
  1.0200000e+001  0.0000000e+000 -7.2547503e-005
  1.0210000e+001  0.0000000e+000 -7.2070632e-005
  1.0220000e+001  0.0000000e+000 -7.1597673e-005
  1.0230000e+001  0.0000000e+000 -7.1128588e-005
  1.0240000e+001  0.0000000e+000 -7.0663337e-005
  1.0250000e+001  0.0000000e+000 -7.0201885e-005
  1.0260000e+001  0.0000000e+000 -6.9744193e-005
  1.0270000e+001  0.0000000e+000 -6.9290225e-005
  1.0280000e+001  0.0000000e+000 -6.8839944e-005
  1.0290000e+001  0.0000000e+000 -6.8393315e-005
  1.0300000e+001  0.0000000e+000 -6.7950302e-005
  1.0310000e+001  0.0000000e+000 -6.7510870e-005
  1.0320000e+001  0.0000000e+000 -6.7074984e-005
  1.0330000e+001  0.0000000e+000 -6.6642611e-005
  1.0340000e+001  0.0000000e+000 -6.6213716e-005
  1.0350000e+001  0.0000000e+000 -6.5788266e-005
  1.0360000e+001  0.0000000e+000 -6.5366227e-005
  1.0370000e+001  0.0000000e+000 -6.4947567e-005
  1.0380000e+001  0.0000000e+000 -6.4532253e-005
  1.0390000e+001  0.0000000e+000 -6.4120254e-005
  1.0400000e+001  0.0000000e+000 -6.3711537e-005
  1.0410000e+001  0.0000000e+000 -6.3306071e-005
  1.0420000e+001  0.0000000e+000 -6.2903826e-005
  1.0430000e+001  0.0000000e+000 -6.2504771e-005
  1.0440000e+001  0.0000000e+000 -6.2108875e-005
  1.0450000e+001  0.0000000e+000 -6.1716108e-005
  1.0460000e+001  0.0000000e+000 -6.1326441e-005
  1.0470000e+001  0.0000000e+000 -6.0939845e-005
  1.0480000e+001  0.0000000e+000 -6.0556290e-005
  1.0490000e+001  0.0000000e+000 -6.0175748e-005
  1.0500000e+001  0.0000000e+000 -5.9798190e-005
  1.0510000e+001  0.0000000e+000 -5.9423588e-005
  1.0520000e+001  0.0000000e+000 -5.9051916e-005
  1.0530000e+001  0.0000000e+000 -5.8683144e-005
  1.0540000e+001  0.0000000e+000 -5.8317247e-005
  1.0550000e+001  0.0000000e+000 -5.7954197e-005
  1.0560000e+001  0.0000000e+000 -5.7593968e-005
  1.0570000e+001  0.0000000e+000 -5.7236533e-005
  1.0580000e+001  0.0000000e+000 -5.6881867e-005
  1.0590000e+001  0.0000000e+000 -5.6529943e-005
  1.0600000e+001  0.0000000e+000 -5.6180737e-005
  1.0610000e+001  0.0000000e+000 -5.5834223e-005
  1.0620000e+001  0.0000000e+000 -5.5490377e-005
  1.0630000e+001  0.0000000e+000 -5.5149173e-005
  1.0640000e+001  0.0000000e+000 -5.4810587e-005
  1.0650000e+001  0.0000000e+000 -5.4474597e-005
  1.0660000e+001  0.0000000e+000 -5.4141176e-005
  1.0670000e+001  0.0000000e+000 -5.3810303e-005
  1.0680000e+001  0.0000000e+000 -5.3481953e-005
  1.0690000e+001  0.0000000e+000 -5.3156104e-005
  1.0700000e+001  0.0000000e+000 -5.2832733e-005
  1.0710000e+001  0.0000000e+000 -5.2511817e-005
  1.0720000e+001  0.0000000e+000 -5.2193333e-005
  1.0730000e+001  0.0000000e+000 -5.1877261e-005
  1.0740000e+001  0.0000000e+000 -5.1563578e-005
  1.0750000e+001  0.0000000e+000 -5.1252261e-005
  1.0760000e+001  0.0000000e+000 -5.0943291e-005
  1.0770000e+001  0.0000000e+000 -5.0636646e-005
  1.0780000e+001  0.0000000e+000 -5.0332304e-005
  1.0790000e+001  0.0000000e+000 -5.0030245e-005
  1.0800000e+001  0.0000000e+000 -4.9730449e-005
  1.0810000e+001  0.0000000e+000 -4.9432894e-005
  1.0820000e+001  0.0000000e+000 -4.9137562e-005
  1.0830000e+001  0.0000000e+000 -4.8844432e-005
  1.0840000e+001  0.0000000e+000 -4.8553485e-005
  1.0850000e+001  0.0000000e+000 -4.8264701e-005
  1.0860000e+001  0.0000000e+000 -4.7978060e-005
  1.0870000e+001  0.0000000e+000 -4.7693545e-005
  1.0880000e+001  0.0000000e+000 -4.7411135e-005
  1.0890000e+001  0.0000000e+000 -4.7130812e-005
  1.0900000e+001  0.0000000e+000 -4.6852558e-005
  1.0910000e+001  0.0000000e+000 -4.6576354e-005
  1.0920000e+001  0.0000000e+000 -4.6302183e-005
  1.0930000e+001  0.0000000e+000 -4.6030026e-005
  1.0940000e+001  0.0000000e+000 -4.5759866e-005
  1.0950000e+001  0.0000000e+000 -4.5491685e-005
  1.0960000e+001  0.0000000e+000 -4.5225465e-005
  1.0970000e+001  0.0000000e+000 -4.4961190e-005
  1.0980000e+001  0.0000000e+000 -4.4698843e-005
  1.0990000e+001  0.0000000e+000 -4.4438406e-005
  1.1000000e+001  0.0000000e+000 -4.4179864e-005
  1.1010000e+001  0.0000000e+000 -4.3923198e-005
  1.1020000e+001  0.0000000e+000 -4.3668394e-005
  1.1030000e+001  0.0000000e+000 -4.3415435e-005
  1.1040000e+001  0.0000000e+000 -4.3164305e-005
  1.1050000e+001  0.0000000e+000 -4.2914988e-005
  1.1060000e+001  0.0000000e+000 -4.2667468e-005
  1.1070000e+001  0.0000000e+000 -4.2421731e-005
  1.1080000e+001  0.0000000e+000 -4.2177760e-005
  1.1090000e+001  0.0000000e+000 -4.1935540e-005
  1.1100000e+001  0.0000000e+000 -4.1695056e-005
  1.1110000e+001  0.0000000e+000 -4.1456294e-005
  1.1120000e+001  0.0000000e+000 -4.1219238e-005
  1.1130000e+001  0.0000000e+000 -4.0983875e-005
  1.1140000e+001  0.0000000e+000 -4.0750189e-005
  1.1150000e+001  0.0000000e+000 -4.0518166e-005
  1.1160000e+001  0.0000000e+000 -4.0287792e-005
  1.1170000e+001  0.0000000e+000 -4.0059053e-005
  1.1180000e+001  0.0000000e+000 -3.9831935e-005
  1.1190000e+001  0.0000000e+000 -3.9606424e-005
  1.1200000e+001  0.0000000e+000 -3.9382507e-005
  1.1210000e+001  0.0000000e+000 -3.9160170e-005
  1.1220000e+001  0.0000000e+000 -3.8939400e-005
  1.1230000e+001  0.0000000e+000 -3.8720184e-005
  1.1240000e+001  0.0000000e+000 -3.8502507e-005
  1.1250000e+001  0.0000000e+000 -3.8286359e-005
  1.1260000e+001  0.0000000e+000 -3.8071725e-005
  1.1270000e+001  0.0000000e+000 -3.7858593e-005
  1.1280000e+001  0.0000000e+000 -3.7646950e-005
  1.1290000e+001  0.0000000e+000 -3.7436784e-005
  1.1300000e+001  0.0000000e+000 -3.7228083e-005
  1.1310000e+001  0.0000000e+000 -3.7020834e-005
  1.1320000e+001  0.0000000e+000 -3.6815025e-005
  1.1330000e+001  0.0000000e+000 -3.6610644e-005
  1.1340000e+001  0.0000000e+000 -3.6407680e-005
  1.1350000e+001  0.0000000e+000 -3.6206120e-005
  1.1360000e+001  0.0000000e+000 -3.6005953e-005
  1.1370000e+001  0.0000000e+000 -3.5807167e-005
  1.1380000e+001  0.0000000e+000 -3.5609752e-005
  1.1390000e+001  0.0000000e+000 -3.5413695e-005
  1.1400000e+001  0.0000000e+000 -3.5218985e-005
  1.1410000e+001  0.0000000e+000 -3.5025612e-005
  1.1420000e+001  0.0000000e+000 -3.4833564e-005
  1.1430000e+001  0.0000000e+000 -3.4642830e-005
  1.1440000e+001  0.0000000e+000 -3.4453400e-005
  1.1450000e+001  0.0000000e+000 -3.4265263e-005
  1.1460000e+001  0.0000000e+000 -3.4078409e-005
  1.1470000e+001  0.0000000e+000 -3.3892826e-005
  1.1480000e+001  0.0000000e+000 -3.3708506e-005
  1.1490000e+001  0.0000000e+000 -3.3525436e-005
  1.1500000e+001  0.0000000e+000 -3.3343607e-005
  1.1510000e+001  0.0000000e+000 -3.3163010e-005
  1.1520000e+001  0.0000000e+000 -3.2983633e-005
  1.1530000e+001  0.0000000e+000 -3.2805468e-005
  1.1540000e+001  0.0000000e+000 -3.2628504e-005
  1.1550000e+001  0.0000000e+000 -3.2452731e-005
  1.1560000e+001  0.0000000e+000 -3.2278141e-005
  1.1570000e+001  0.0000000e+000 -3.2104723e-005
  1.1580000e+001  0.0000000e+000 -3.1932468e-005
  1.1590000e+001  0.0000000e+000 -3.1761367e-005
  1.1600000e+001  0.0000000e+000 -3.1591410e-005
  1.1610000e+001  0.0000000e+000 -3.1422589e-005
  1.1620000e+001  0.0000000e+000 -3.1254894e-005
  1.1630000e+001  0.0000000e+000 -3.1088316e-005
  1.1640000e+001  0.0000000e+000 -3.0922846e-005
  1.1650000e+001  0.0000000e+000 -3.0758476e-005
  1.1660000e+001  0.0000000e+000 -3.0595196e-005
  1.1670000e+001  0.0000000e+000 -3.0432998e-005
  1.1680000e+001  0.0000000e+000 -3.0271874e-005
  1.1690000e+001  0.0000000e+000 -3.0111815e-005
  1.1700000e+001  0.0000000e+000 -2.9952812e-005
  1.1710000e+001  0.0000000e+000 -2.9794857e-005
  1.1720000e+001  0.0000000e+000 -2.9637942e-005
  1.1730000e+001  0.0000000e+000 -2.9482059e-005
  1.1740000e+001  0.0000000e+000 -2.9327199e-005
  1.1750000e+001  0.0000000e+000 -2.9173354e-005
  1.1760000e+001  0.0000000e+000 -2.9020518e-005
  1.1770000e+001  0.0000000e+000 -2.8868680e-005
  1.1780000e+001  0.0000000e+000 -2.8717834e-005
  1.1790000e+001  0.0000000e+000 -2.8567973e-005
  1.1800000e+001  0.0000000e+000 -2.8419087e-005
  1.1810000e+001  0.0000000e+000 -2.8271171e-005
  1.1820000e+001  0.0000000e+000 -2.8124215e-005
  1.1830000e+001  0.0000000e+000 -2.7978213e-005
  1.1840000e+001  0.0000000e+000 -2.7833157e-005
  1.1850000e+001  0.0000000e+000 -2.7689040e-005
  1.1860000e+001  0.0000000e+000 -2.7545854e-005
  1.1870000e+001  0.0000000e+000 -2.7403593e-005
  1.1880000e+001  0.0000000e+000 -2.7262249e-005
  1.1890000e+001  0.0000000e+000 -2.7121815e-005
  1.1900000e+001  0.0000000e+000 -2.6982285e-005
  1.1910000e+001  0.0000000e+000 -2.6843650e-005
  1.1920000e+001  0.0000000e+000 -2.6705905e-005
  1.1930000e+001  0.0000000e+000 -2.6569042e-005
  1.1940000e+001  0.0000000e+000 -2.6433054e-005
  1.1950000e+001  0.0000000e+000 -2.6297936e-005
  1.1960000e+001  0.0000000e+000 -2.6163679e-005
  1.1970000e+001  0.0000000e+000 -2.6030279e-005
  1.1980000e+001  0.0000000e+000 -2.5897727e-005
  1.1990000e+001  0.0000000e+000 -2.5766019e-005
  1.2000000e+001  0.0000000e+000 -2.5635146e-005
  1.2010000e+001  0.0000000e+000 -2.5505103e-005
  1.2020000e+001  0.0000000e+000 -2.5375884e-005
  1.2030000e+001  0.0000000e+000 -2.5247482e-005
  1.2040000e+001  0.0000000e+000 -2.5119891e-005
  1.2050000e+001  0.0000000e+000 -2.4993105e-005
  1.2060000e+001  0.0000000e+000 -2.4867119e-005
  1.2070000e+001  0.0000000e+000 -2.4741924e-005
  1.2080000e+001  0.0000000e+000 -2.4617517e-005
  1.2090000e+001  0.0000000e+000 -2.4493891e-005
  1.2100000e+001  0.0000000e+000 -2.4371040e-005
  1.2110000e+001  0.0000000e+000 -2.4248958e-005
  1.2120000e+001  0.0000000e+000 -2.4127639e-005
  1.2130000e+001  0.0000000e+000 -2.4007078e-005
  1.2140000e+001  0.0000000e+000 -2.3887270e-005
  1.2150000e+001  0.0000000e+000 -2.3768208e-005
  1.2160000e+001  0.0000000e+000 -2.3649886e-005
  1.2170000e+001  0.0000000e+000 -2.3532300e-005
  1.2180000e+001  0.0000000e+000 -2.3415444e-005
  1.2190000e+001  0.0000000e+000 -2.3299312e-005
  1.2200000e+001  0.0000000e+000 -2.3183900e-005
  1.2210000e+001  0.0000000e+000 -2.3069201e-005
  1.2220000e+001  0.0000000e+000 -2.2955210e-005
  1.2230000e+001  0.0000000e+000 -2.2841923e-005
  1.2240000e+001  0.0000000e+000 -2.2729334e-005
  1.2250000e+001  0.0000000e+000 -2.2617437e-005
  1.2260000e+001  0.0000000e+000 -2.2506229e-005
  1.2270000e+001  0.0000000e+000 -2.2395703e-005
  1.2280000e+001  0.0000000e+000 -2.2285854e-005
  1.2290000e+001  0.0000000e+000 -2.2176679e-005
  1.2300000e+001  0.0000000e+000 -2.2068171e-005
  1.2310000e+001  0.0000000e+000 -2.1960325e-005
  1.2320000e+001  0.0000000e+000 -2.1853138e-005
  1.2330000e+001  0.0000000e+000 -2.1746604e-005
  1.2340000e+001  0.0000000e+000 -2.1640719e-005
  1.2350000e+001  0.0000000e+000 -2.1535477e-005
  1.2360000e+001  0.0000000e+000 -2.1430874e-005
  1.2370000e+001  0.0000000e+000 -2.1326905e-005
  1.2380000e+001  0.0000000e+000 -2.1223566e-005
  1.2390000e+001  0.0000000e+000 -2.1120852e-005
  1.2400000e+001  0.0000000e+000 -2.1018759e-005
  1.2410000e+001  0.0000000e+000 -2.0917282e-005
  1.2420000e+001  0.0000000e+000 -2.0816416e-005
  1.2430000e+001  0.0000000e+000 -2.0716158e-005
  1.2440000e+001  0.0000000e+000 -2.0616503e-005
  1.2450000e+001  0.0000000e+000 -2.0517446e-005
  1.2460000e+001  0.0000000e+000 -2.0418984e-005
  1.2470000e+001  0.0000000e+000 -2.0321111e-005
  1.2480000e+001  0.0000000e+000 -2.0223824e-005
  1.2490000e+001  0.0000000e+000 -2.0127119e-005
  1.2500000e+001  0.0000000e+000 -2.0030990e-005
  1.2510000e+001  0.0000000e+000 -1.9935435e-005
  1.2520000e+001  0.0000000e+000 -1.9840450e-005
  1.2530000e+001  0.0000000e+000 -1.9746029e-005
  1.2540000e+001  0.0000000e+000 -1.9652169e-005
  1.2550000e+001  0.0000000e+000 -1.9558866e-005
  1.2560000e+001  0.0000000e+000 -1.9466117e-005
  1.2570000e+001  0.0000000e+000 -1.9373916e-005
  1.2580000e+001  0.0000000e+000 -1.9282261e-005
  1.2590000e+001  0.0000000e+000 -1.9191147e-005
  1.2600000e+001  0.0000000e+000 -1.9100570e-005
  1.2610000e+001  0.0000000e+000 -1.9010528e-005
  1.2620000e+001  0.0000000e+000 -1.8921015e-005
  1.2630000e+001  0.0000000e+000 -1.8832029e-005
  1.2640000e+001  0.0000000e+000 -1.8743565e-005
  1.2650000e+001  0.0000000e+000 -1.8655619e-005
  1.2660000e+001  0.0000000e+000 -1.8568189e-005
  1.2670000e+001  0.0000000e+000 -1.8481271e-005
  1.2680000e+001  0.0000000e+000 -1.8394861e-005
  1.2690000e+001  0.0000000e+000 -1.8308955e-005
  1.2700000e+001  0.0000000e+000 -1.8223550e-005
  1.2710000e+001  0.0000000e+000 -1.8138642e-005
  1.2720000e+001  0.0000000e+000 -1.8054228e-005
  1.2730000e+001  0.0000000e+000 -1.7970305e-005
  1.2740000e+001  0.0000000e+000 -1.7886869e-005
  1.2750000e+001  0.0000000e+000 -1.7803916e-005
  1.2760000e+001  0.0000000e+000 -1.7721444e-005
  1.2770000e+001  0.0000000e+000 -1.7639449e-005
  1.2780000e+001  0.0000000e+000 -1.7557927e-005
  1.2790000e+001  0.0000000e+000 -1.7476876e-005
  1.2800000e+001  0.0000000e+000 -1.7396292e-005
  1.2810000e+001  0.0000000e+000 -1.7316172e-005
  1.2820000e+001  0.0000000e+000 -1.7236513e-005
  1.2830000e+001  0.0000000e+000 -1.7157311e-005
  1.2840000e+001  0.0000000e+000 -1.7078564e-005
  1.2850000e+001  0.0000000e+000 -1.7000267e-005
  1.2860000e+001  0.0000000e+000 -1.6922419e-005
  1.2870000e+001  0.0000000e+000 -1.6845017e-005
  1.2880000e+001  0.0000000e+000 -1.6768056e-005
  1.2890000e+001  0.0000000e+000 -1.6691534e-005
  1.2900000e+001  0.0000000e+000 -1.6615448e-005
  1.2910000e+001  0.0000000e+000 -1.6539795e-005
  1.2920000e+001  0.0000000e+000 -1.6464572e-005
  1.2930000e+001  0.0000000e+000 -1.6389777e-005
  1.2940000e+001  0.0000000e+000 -1.6315406e-005
  1.2950000e+001  0.0000000e+000 -1.6241456e-005
  1.2960000e+001  0.0000000e+000 -1.6167924e-005
  1.2970000e+001  0.0000000e+000 -1.6094808e-005
  1.2980000e+001  0.0000000e+000 -1.6022105e-005
  1.2990000e+001  0.0000000e+000 -1.5949812e-005
  1.3000000e+001  0.0000000e+000 -1.5877927e-005
  1.3010000e+001  0.0000000e+000 -1.5806446e-005
  1.3020000e+001  0.0000000e+000 -1.5735366e-005
  1.3030000e+001  0.0000000e+000 -1.5664686e-005
  1.3040000e+001  0.0000000e+000 -1.5594402e-005
  1.3050000e+001  0.0000000e+000 -1.5524512e-005
  1.3060000e+001  0.0000000e+000 -1.5455013e-005
  1.3070000e+001  0.0000000e+000 -1.5385903e-005
  1.3080000e+001  0.0000000e+000 -1.5317178e-005
  1.3090000e+001  0.0000000e+000 -1.5248837e-005
  1.3100000e+001  0.0000000e+000 -1.5180876e-005
  1.3110000e+001  0.0000000e+000 -1.5113294e-005
  1.3120000e+001  0.0000000e+000 -1.5046087e-005
  1.3130000e+001  0.0000000e+000 -1.4979253e-005
  1.3140000e+001  0.0000000e+000 -1.4912790e-005
  1.3150000e+001  0.0000000e+000 -1.4846696e-005
  1.3160000e+001  0.0000000e+000 -1.4780967e-005
  1.3170000e+001  0.0000000e+000 -1.4715601e-005
  1.3180000e+001  0.0000000e+000 -1.4650596e-005
  1.3190000e+001  0.0000000e+000 -1.4585950e-005
  1.3200000e+001  0.0000000e+000 -1.4521660e-005
  1.3210000e+001  0.0000000e+000 -1.4457724e-005
  1.3220000e+001  0.0000000e+000 -1.4394139e-005
  1.3230000e+001  0.0000000e+000 -1.4330904e-005
  1.3240000e+001  0.0000000e+000 -1.4268015e-005
  1.3250000e+001  0.0000000e+000 -1.4205471e-005
  1.3260000e+001  0.0000000e+000 -1.4143269e-005
  1.3270000e+001  0.0000000e+000 -1.4081408e-005
  1.3280000e+001  0.0000000e+000 -1.4019884e-005
  1.3290000e+001  0.0000000e+000 -1.3958696e-005
  1.3300000e+001  0.0000000e+000 -1.3897841e-005
  1.3310000e+001  0.0000000e+000 -1.3837318e-005
  1.3320000e+001  0.0000000e+000 -1.3777123e-005
  1.3330000e+001  0.0000000e+000 -1.3717256e-005
  1.3340000e+001  0.0000000e+000 -1.3657713e-005
  1.3350000e+001  0.0000000e+000 -1.3598493e-005
  1.3360000e+001  0.0000000e+000 -1.3539594e-005
  1.3370000e+001  0.0000000e+000 -1.3481014e-005
  1.3380000e+001  0.0000000e+000 -1.3422749e-005
  1.3390000e+001  0.0000000e+000 -1.3364800e-005
  1.3400000e+001  0.0000000e+000 -1.3307162e-005
  1.3410000e+001  0.0000000e+000 -1.3249835e-005
  1.3420000e+001  0.0000000e+000 -1.3192817e-005
  1.3430000e+001  0.0000000e+000 -1.3136104e-005
  1.3440000e+001  0.0000000e+000 -1.3079696e-005
  1.3450000e+001  0.0000000e+000 -1.3023591e-005
  1.3460000e+001  0.0000000e+000 -1.2967786e-005
  1.3470000e+001  0.0000000e+000 -1.2912280e-005
  1.3480000e+001  0.0000000e+000 -1.2857070e-005
  1.3490000e+001  0.0000000e+000 -1.2802155e-005
  1.3500000e+001  0.0000000e+000 -1.2747533e-005
  1.3510000e+001  0.0000000e+000 -1.2693202e-005
  1.3520000e+001  0.0000000e+000 -1.2639161e-005
  1.3530000e+001  0.0000000e+000 -1.2585406e-005
  1.3540000e+001  0.0000000e+000 -1.2531937e-005
  1.3550000e+001  0.0000000e+000 -1.2478751e-005
  1.3560000e+001  0.0000000e+000 -1.2425848e-005
  1.3570000e+001  0.0000000e+000 -1.2373224e-005
  1.3580000e+001  0.0000000e+000 -1.2320879e-005
  1.3590000e+001  0.0000000e+000 -1.2268810e-005
  1.3600000e+001  0.0000000e+000 -1.2217016e-005
  1.3610000e+001  0.0000000e+000 -1.2165495e-005
  1.3620000e+001  0.0000000e+000 -1.2114246e-005
  1.3630000e+001  0.0000000e+000 -1.2063266e-005
  1.3640000e+001  0.0000000e+000 -1.2012554e-005
  1.3650000e+001  0.0000000e+000 -1.1962108e-005
  1.3660000e+001  0.0000000e+000 -1.1911926e-005
  1.3670000e+001  0.0000000e+000 -1.1862008e-005
  1.3680000e+001  0.0000000e+000 -1.1812350e-005
  1.3690000e+001  0.0000000e+000 -1.1762952e-005
  1.3700000e+001  0.0000000e+000 -1.1713813e-005
  1.3710000e+001  0.0000000e+000 -1.1664929e-005
  1.3720000e+001  0.0000000e+000 -1.1616300e-005
  1.3730000e+001  0.0000000e+000 -1.1567925e-005
  1.3740000e+001  0.0000000e+000 -1.1519801e-005
  1.3750000e+001  0.0000000e+000 -1.1471927e-005
  1.3760000e+001  0.0000000e+000 -1.1424301e-005
  1.3770000e+001  0.0000000e+000 -1.1376922e-005
  1.3780000e+001  0.0000000e+000 -1.1329789e-005
  1.3790000e+001  0.0000000e+000 -1.1282899e-005
  1.3800000e+001  0.0000000e+000 -1.1236252e-005
  1.3810000e+001  0.0000000e+000 -1.1189845e-005
  1.3820000e+001  0.0000000e+000 -1.1143678e-005
  1.3830000e+001  0.0000000e+000 -1.1097749e-005
  1.3840000e+001  0.0000000e+000 -1.1052056e-005
  1.3850000e+001  0.0000000e+000 -1.1006598e-005
  1.3860000e+001  0.0000000e+000 -1.0961374e-005
  1.3870000e+001  0.0000000e+000 -1.0916381e-005
  1.3880000e+001  0.0000000e+000 -1.0871620e-005
  1.3890000e+001  0.0000000e+000 -1.0827087e-005
  1.3900000e+001  0.0000000e+000 -1.0782782e-005
  1.3910000e+001  0.0000000e+000 -1.0738704e-005
  1.3920000e+001  0.0000000e+000 -1.0694850e-005
  1.3930000e+001  0.0000000e+000 -1.0651220e-005
  1.3940000e+001  0.0000000e+000 -1.0607813e-005
  1.3950000e+001  0.0000000e+000 -1.0564626e-005
  1.3960000e+001  0.0000000e+000 -1.0521659e-005
  1.3970000e+001  0.0000000e+000 -1.0478910e-005
  1.3980000e+001  0.0000000e+000 -1.0436378e-005
  1.3990000e+001  0.0000000e+000 -1.0394062e-005
  1.4000000e+001  0.0000000e+000 -1.0351959e-005
  1.4010000e+001  0.0000000e+000 -1.0310070e-005
  1.4020000e+001  0.0000000e+000 -1.0268393e-005
  1.4030000e+001  0.0000000e+000 -1.0226925e-005
  1.4040000e+001  0.0000000e+000 -1.0185667e-005
  1.4050000e+001  0.0000000e+000 -1.0144617e-005
  1.4060000e+001  0.0000000e+000 -1.0103773e-005
  1.4070000e+001  0.0000000e+000 -1.0063135e-005
  1.4080000e+001  0.0000000e+000 -1.0022701e-005
  1.4090000e+001  0.0000000e+000 -9.9824696e-006
  1.4100000e+001  0.0000000e+000 -9.9424400e-006
  1.4110000e+001  0.0000000e+000 -9.9026108e-006
  1.4120000e+001  0.0000000e+000 -9.8629808e-006
  1.4130000e+001  0.0000000e+000 -9.8235489e-006
  1.4140000e+001  0.0000000e+000 -9.7843138e-006
  1.4150000e+001  0.0000000e+000 -9.7452745e-006
  1.4160000e+001  0.0000000e+000 -9.7064296e-006
  1.4170000e+001  0.0000000e+000 -9.6677781e-006
  1.4180000e+001  0.0000000e+000 -9.6293188e-006
  1.4190000e+001  0.0000000e+000 -9.5910506e-006
  1.4200000e+001  0.0000000e+000 -9.5529723e-006
  1.4210000e+001  0.0000000e+000 -9.5150827e-006
  1.4220000e+001  0.0000000e+000 -9.4773808e-006
  1.4230000e+001  0.0000000e+000 -9.4398655e-006
  1.4240000e+001  0.0000000e+000 -9.4025356e-006
  1.4250000e+001  0.0000000e+000 -9.3653900e-006
  1.4260000e+001  0.0000000e+000 -9.3284277e-006
  1.4270000e+001  0.0000000e+000 -9.2916476e-006
  1.4280000e+001  0.0000000e+000 -9.2550486e-006
  1.4290000e+001  0.0000000e+000 -9.2186295e-006
  1.4300000e+001  0.0000000e+000 -9.1823895e-006
  1.4310000e+001  0.0000000e+000 -9.1463273e-006
  1.4320000e+001  0.0000000e+000 -9.1104420e-006
  1.4330000e+001  0.0000000e+000 -9.0747326e-006
  1.4340000e+001  0.0000000e+000 -9.0391979e-006
  1.4350000e+001  0.0000000e+000 -9.0038370e-006
  1.4360000e+001  0.0000000e+000 -8.9686488e-006
  1.4370000e+001  0.0000000e+000 -8.9336324e-006
  1.4380000e+001  0.0000000e+000 -8.8987866e-006
  1.4390000e+001  0.0000000e+000 -8.8641106e-006
  1.4400000e+001  0.0000000e+000 -8.8296034e-006
  1.4410000e+001  0.0000000e+000 -8.7952639e-006
  1.4420000e+001  0.0000000e+000 -8.7610912e-006
  1.4430000e+001  0.0000000e+000 -8.7270843e-006
  1.4440000e+001  0.0000000e+000 -8.6932422e-006
  1.4450000e+001  0.0000000e+000 -8.6595640e-006
  1.4460000e+001  0.0000000e+000 -8.6260487e-006
  1.4470000e+001  0.0000000e+000 -8.5926955e-006
  1.4480000e+001  0.0000000e+000 -8.5595032e-006
  1.4490000e+001  0.0000000e+000 -8.5264711e-006
  1.4500000e+001  0.0000000e+000 -8.4935982e-006
  1.4510000e+001  0.0000000e+000 -8.4608835e-006
  1.4520000e+001  0.0000000e+000 -8.4283262e-006
  1.4530000e+001  0.0000000e+000 -8.3959254e-006
  1.4540000e+001  0.0000000e+000 -8.3636801e-006
  1.4550000e+001  0.0000000e+000 -8.3315894e-006
  1.4560000e+001  0.0000000e+000 -8.2996525e-006
  1.4570000e+001  0.0000000e+000 -8.2678685e-006
  1.4580000e+001  0.0000000e+000 -8.2362365e-006
  1.4590000e+001  0.0000000e+000 -8.2047556e-006
  1.4600000e+001  0.0000000e+000 -8.1734250e-006
  1.4610000e+001  0.0000000e+000 -8.1422438e-006
  1.4620000e+001  0.0000000e+000 -8.1112112e-006
  1.4630000e+001  0.0000000e+000 -8.0803262e-006
  1.4640000e+001  0.0000000e+000 -8.0495881e-006
  1.4650000e+001  0.0000000e+000 -8.0189961e-006
  1.4660000e+001  0.0000000e+000 -7.9885492e-006
  1.4670000e+001  0.0000000e+000 -7.9582467e-006
  1.4680000e+001  0.0000000e+000 -7.9280877e-006
  1.4690000e+001  0.0000000e+000 -7.8980715e-006
  1.4700000e+001  0.0000000e+000 -7.8681972e-006
  1.4710000e+001  0.0000000e+000 -7.8384640e-006
  1.4720000e+001  0.0000000e+000 -7.8088711e-006
  1.4730000e+001  0.0000000e+000 -7.7794177e-006
  1.4740000e+001  0.0000000e+000 -7.7501031e-006
  1.4750000e+001  0.0000000e+000 -7.7209264e-006
  1.4760000e+001  0.0000000e+000 -7.6918869e-006
  1.4770000e+001  0.0000000e+000 -7.6629838e-006
  1.4780000e+001  0.0000000e+000 -7.6342163e-006
  1.4790000e+001  0.0000000e+000 -7.6055837e-006
  1.4800000e+001  0.0000000e+000 -7.5770852e-006
  1.4810000e+001  0.0000000e+000 -7.5487200e-006
  1.4820000e+001  0.0000000e+000 -7.5204875e-006
  1.4830000e+001  0.0000000e+000 -7.4923868e-006
  1.4840000e+001  0.0000000e+000 -7.4644172e-006
  1.4850000e+001  0.0000000e+000 -7.4365781e-006
  1.4860000e+001  0.0000000e+000 -7.4088686e-006
  1.4870000e+001  0.0000000e+000 -7.3812881e-006
  1.4880000e+001  0.0000000e+000 -7.3538357e-006
  1.4890000e+001  0.0000000e+000 -7.3265109e-006
  1.4900000e+001  0.0000000e+000 -7.2993129e-006
  1.4910000e+001  0.0000000e+000 -7.2722409e-006
  1.4920000e+001  0.0000000e+000 -7.2452944e-006
  1.4930000e+001  0.0000000e+000 -7.2184725e-006
  1.4940000e+001  0.0000000e+000 -7.1917747e-006
  1.4950000e+001  0.0000000e+000 -7.1652001e-006
  1.4960000e+001  0.0000000e+000 -7.1387482e-006
  1.4970000e+001  0.0000000e+000 -7.1124183e-006
  1.4980000e+001  0.0000000e+000 -7.0862096e-006
  1.4990000e+001  0.0000000e+000 -7.0601215e-006
  1.5000000e+001  0.0000000e+000 -7.0341534e-006
  1.5010000e+001  0.0000000e+000 -7.0083046e-006
  1.5020000e+001  0.0000000e+000 -6.9825744e-006
  1.5030000e+001  0.0000000e+000 -6.9569621e-006
  1.5040000e+001  0.0000000e+000 -6.9314672e-006
  1.5050000e+001  0.0000000e+000 -6.9060890e-006
  1.5060000e+001  0.0000000e+000 -6.8808268e-006
  1.5070000e+001  0.0000000e+000 -6.8556800e-006
  1.5080000e+001  0.0000000e+000 -6.8306480e-006
  1.5090000e+001  0.0000000e+000 -6.8057301e-006
  1.5100000e+001  0.0000000e+000 -6.7809258e-006
  1.5110000e+001  0.0000000e+000 -6.7562343e-006
  1.5120000e+001  0.0000000e+000 -6.7316552e-006
  1.5130000e+001  0.0000000e+000 -6.7071877e-006
  1.5140000e+001  0.0000000e+000 -6.6828312e-006
  1.5150000e+001  0.0000000e+000 -6.6585853e-006
  1.5160000e+001  0.0000000e+000 -6.6344492e-006
  1.5170000e+001  0.0000000e+000 -6.6104223e-006
  1.5180000e+001  0.0000000e+000 -6.5865041e-006
  1.5190000e+001  0.0000000e+000 -6.5626940e-006
  1.5200000e+001  0.0000000e+000 -6.5389914e-006
  1.5210000e+001  0.0000000e+000 -6.5153957e-006
  1.5220000e+001  0.0000000e+000 -6.4919064e-006
  1.5230000e+001  0.0000000e+000 -6.4685228e-006
  1.5240000e+001  0.0000000e+000 -6.4452443e-006
  1.5250000e+001  0.0000000e+000 -6.4220705e-006
  1.5260000e+001  0.0000000e+000 -6.3990008e-006
  1.5270000e+001  0.0000000e+000 -6.3760346e-006
  1.5280000e+001  0.0000000e+000 -6.3531713e-006
  1.5290000e+001  0.0000000e+000 -6.3304104e-006
  1.5300000e+001  0.0000000e+000 -6.3077513e-006
  1.5310000e+001  0.0000000e+000 -6.2851935e-006
  1.5320000e+001  0.0000000e+000 -6.2627365e-006
  1.5330000e+001  0.0000000e+000 -6.2403797e-006
  1.5340000e+001  0.0000000e+000 -6.2181225e-006
  1.5350000e+001  0.0000000e+000 -6.1959645e-006
  1.5360000e+001  0.0000000e+000 -6.1739051e-006
  1.5370000e+001  0.0000000e+000 -6.1519438e-006
  1.5380000e+001  0.0000000e+000 -6.1300800e-006
  1.5390000e+001  0.0000000e+000 -6.1083133e-006
  1.5400000e+001  0.0000000e+000 -6.0866431e-006
  1.5410000e+001  0.0000000e+000 -6.0650690e-006
  1.5420000e+001  0.0000000e+000 -6.0435903e-006
  1.5430000e+001  0.0000000e+000 -6.0222066e-006
  1.5440000e+001  0.0000000e+000 -6.0009174e-006
  1.5450000e+001  0.0000000e+000 -5.9797222e-006
  1.5460000e+001  0.0000000e+000 -5.9586205e-006
  1.5470000e+001  0.0000000e+000 -5.9376118e-006
  1.5480000e+001  0.0000000e+000 -5.9166956e-006
  1.5490000e+001  0.0000000e+000 -5.8958715e-006
  1.5500000e+001  0.0000000e+000 -5.8751388e-006
  1.5510000e+001  0.0000000e+000 -5.8544973e-006
  1.5520000e+001  0.0000000e+000 -5.8339462e-006
  1.5530000e+001  0.0000000e+000 -5.8134853e-006
  1.5540000e+001  0.0000000e+000 -5.7931140e-006
  1.5550000e+001  0.0000000e+000 -5.7728319e-006
  1.5560000e+001  0.0000000e+000 -5.7526384e-006
  1.5570000e+001  0.0000000e+000 -5.7325332e-006
  1.5580000e+001  0.0000000e+000 -5.7125157e-006
  1.5590000e+001  0.0000000e+000 -5.6925855e-006
  1.5600000e+001  0.0000000e+000 -5.6727422e-006
  1.5610000e+001  0.0000000e+000 -5.6529852e-006
  1.5620000e+001  0.0000000e+000 -5.6333142e-006
  1.5630000e+001  0.0000000e+000 -5.6137287e-006
  1.5640000e+001  0.0000000e+000 -5.5942282e-006
  1.5650000e+001  0.0000000e+000 -5.5748123e-006
  1.5660000e+001  0.0000000e+000 -5.5554806e-006
  1.5670000e+001  0.0000000e+000 -5.5362325e-006
  1.5680000e+001  0.0000000e+000 -5.5170678e-006
  1.5690000e+001  0.0000000e+000 -5.4979860e-006
  1.5700000e+001  0.0000000e+000 -5.4789865e-006
  1.5710000e+001  0.0000000e+000 -5.4600691e-006
  1.5720000e+001  0.0000000e+000 -5.4412332e-006
  1.5730000e+001  0.0000000e+000 -5.4224785e-006
  1.5740000e+001  0.0000000e+000 -5.4038046e-006
  1.5750000e+001  0.0000000e+000 -5.3852109e-006
  1.5760000e+001  0.0000000e+000 -5.3666972e-006
  1.5770000e+001  0.0000000e+000 -5.3482629e-006
  1.5780000e+001  0.0000000e+000 -5.3299077e-006
  1.5790000e+001  0.0000000e+000 -5.3116312e-006
  1.5800000e+001  0.0000000e+000 -5.2934330e-006
  1.5810000e+001  0.0000000e+000 -5.2753126e-006
  1.5820000e+001  0.0000000e+000 -5.2572697e-006
  1.5830000e+001  0.0000000e+000 -5.2393039e-006
  1.5840000e+001  0.0000000e+000 -5.2214148e-006
  1.5850000e+001  0.0000000e+000 -5.2036019e-006
  1.5860000e+001  0.0000000e+000 -5.1858650e-006
  1.5870000e+001  0.0000000e+000 -5.1682035e-006
  1.5880000e+001  0.0000000e+000 -5.1506172e-006
  1.5890000e+001  0.0000000e+000 -5.1331056e-006
  1.5900000e+001  0.0000000e+000 -5.1156684e-006
  1.5910000e+001  0.0000000e+000 -5.0983051e-006
  1.5920000e+001  0.0000000e+000 -5.0810155e-006
  1.5930000e+001  0.0000000e+000 -5.0637991e-006
  1.5940000e+001  0.0000000e+000 -5.0466555e-006
  1.5950000e+001  0.0000000e+000 -5.0295844e-006
  1.5960000e+001  0.0000000e+000 -5.0125855e-006
  1.5970000e+001  0.0000000e+000 -4.9956583e-006
  1.5980000e+001  0.0000000e+000 -4.9788025e-006
  1.5990000e+001  0.0000000e+000 -4.9620177e-006
  1.6000000e+001  0.0000000e+000 -4.9453036e-006
  1.6010000e+001  0.0000000e+000 -4.9286598e-006
  1.6020000e+001  0.0000000e+000 -4.9120860e-006
  1.6030000e+001  0.0000000e+000 -4.8955818e-006
  1.6040000e+001  0.0000000e+000 -4.8791469e-006
  1.6050000e+001  0.0000000e+000 -4.8627808e-006
  1.6060000e+001  0.0000000e+000 -4.8464833e-006
  1.6070000e+001  0.0000000e+000 -4.8302541e-006
  1.6080000e+001  0.0000000e+000 -4.8140927e-006
  1.6090000e+001  0.0000000e+000 -4.7979988e-006
  1.6100000e+001  0.0000000e+000 -4.7819722e-006
  1.6110000e+001  0.0000000e+000 -4.7660124e-006
  1.6120000e+001  0.0000000e+000 -4.7501191e-006
  1.6130000e+001  0.0000000e+000 -4.7342920e-006
  1.6140000e+001  0.0000000e+000 -4.7185308e-006
  1.6150000e+001  0.0000000e+000 -4.7028351e-006
  1.6160000e+001  0.0000000e+000 -4.6872047e-006
  1.6170000e+001  0.0000000e+000 -4.6716391e-006
  1.6180000e+001  0.0000000e+000 -4.6561381e-006
  1.6190000e+001  0.0000000e+000 -4.6407013e-006
  1.6200000e+001  0.0000000e+000 -4.6253284e-006
  1.6210000e+001  0.0000000e+000 -4.6100192e-006
  1.6220000e+001  0.0000000e+000 -4.5947732e-006
  1.6230000e+001  0.0000000e+000 -4.5795902e-006
  1.6240000e+001  0.0000000e+000 -4.5644698e-006
  1.6250000e+001  0.0000000e+000 -4.5494119e-006
  1.6260000e+001  0.0000000e+000 -4.5344159e-006
  1.6270000e+001  0.0000000e+000 -4.5194817e-006
  1.6280000e+001  0.0000000e+000 -4.5046089e-006
  1.6290000e+001  0.0000000e+000 -4.4897973e-006
  1.6300000e+001  0.0000000e+000 -4.4750465e-006
  1.6310000e+001  0.0000000e+000 -4.4603562e-006
  1.6320000e+001  0.0000000e+000 -4.4457261e-006
  1.6330000e+001  0.0000000e+000 -4.4311560e-006
  1.6340000e+001  0.0000000e+000 -4.4166455e-006
  1.6350000e+001  0.0000000e+000 -4.4021944e-006
  1.6360000e+001  0.0000000e+000 -4.3878023e-006
  1.6370000e+001  0.0000000e+000 -4.3734690e-006
  1.6380000e+001  0.0000000e+000 -4.3591941e-006
  1.6390000e+001  0.0000000e+000 -4.3449775e-006
  1.6400000e+001  0.0000000e+000 -4.3308187e-006
  1.6410000e+001  0.0000000e+000 -4.3167176e-006
  1.6420000e+001  0.0000000e+000 -4.3026739e-006
  1.6430000e+001  0.0000000e+000 -4.2886872e-006
  1.6440000e+001  0.0000000e+000 -4.2747573e-006
  1.6450000e+001  0.0000000e+000 -4.2608838e-006
  1.6460000e+001  0.0000000e+000 -4.2470667e-006
  1.6470000e+001  0.0000000e+000 -4.2333055e-006
  1.6480000e+001  0.0000000e+000 -4.2196000e-006
  1.6490000e+001  0.0000000e+000 -4.2059499e-006
  1.6500000e+001  0.0000000e+000 -4.1923549e-006
  1.6510000e+001  0.0000000e+000 -4.1788149e-006
  1.6520000e+001  0.0000000e+000 -4.1653294e-006
  1.6530000e+001  0.0000000e+000 -4.1518983e-006
  1.6540000e+001  0.0000000e+000 -4.1385214e-006
  1.6550000e+001  0.0000000e+000 -4.1251982e-006
  1.6560000e+001  0.0000000e+000 -4.1119286e-006
  1.6570000e+001  0.0000000e+000 -4.0987123e-006
  1.6580000e+001  0.0000000e+000 -4.0855491e-006
  1.6590000e+001  0.0000000e+000 -4.0724387e-006
  1.6600000e+001  0.0000000e+000 -4.0593808e-006
  1.6610000e+001  0.0000000e+000 -4.0463752e-006
  1.6620000e+001  0.0000000e+000 -4.0334217e-006
  1.6630000e+001  0.0000000e+000 -4.0205199e-006
  1.6640000e+001  0.0000000e+000 -4.0076697e-006
  1.6650000e+001  0.0000000e+000 -3.9948708e-006
  1.6660000e+001  0.0000000e+000 -3.9821230e-006
  1.6670000e+001  0.0000000e+000 -3.9694259e-006
  1.6680000e+001  0.0000000e+000 -3.9567795e-006
  1.6690000e+001  0.0000000e+000 -3.9441833e-006
  1.6700000e+001  0.0000000e+000 -3.9316372e-006
  1.6710000e+001  0.0000000e+000 -3.9191410e-006
  1.6720000e+001  0.0000000e+000 -3.9066944e-006
