11 250 0.002 0 0 0 0
11 2.499991e+02 0.00178134 9.188055e-06 -8.999814e+02 8.365059e+02 -7.653494e+00
11 2.437932e+02 0.00223163 -1.329892e-05 -8.999520e+02 -5.030033e+02 8.125427e+00
11 2.500000e+02 0.00180727 -6.931086e-06 -8.998851e+02 5.850016e+02 5.475695e+00
11 2.500000e+02 0.00210847 2.624001e-05 -8.998679e+02 -2.848429e+02 -2.572197e+01
11 2.500000e+02 0.00183818 -2.395629e-05 -8.997839e+02 6.051537e+02 1.515240e+01
11 2.500000e+02 0.00182194 -2.028904e-05 -8.997814e+02 4.792765e+02 2.639153e+01
11 2.402514e+02 0.00211556 -2.892870e-05 -8.996997e+02 -3.763645e+02 2.529881e+01
11 2.500000e+02 0.00196346 -2.431433e-05 -8.996349e+02 5.486073e+01 1.385276e+01
11 2.500000e+02 0.00201947 -4.019066e-06 -8.996152e+02 -9.989532e+01 7.286420e+00
11 2.490026e+02 0.00183864 -1.585371e-06 -8.995764e+02 3.279266e+02 -2.693212e+00
11 2.496739e+02 0.00173068 -9.099302e-07 -8.995253e+02 6.697687e+02 2.558332e+00
11 2.500000e+02 0.00207796 -8.234945e-06 -8.993523e+02 -1.566064e+02 5.698783e+00
11 2.499982e+02 0.00173692 3.445545e-05 -8.992876e+02 1.079026e+03 -1.987091e+01
11 2.500000e+02 0.00176966 -3.989054e-05 -8.992646e+02 9.955887e+02 1.251082e+01
11 2.500000e+02 0.00210034 -1.945283e-05 -8.991529e+02 -2.197907e+02 1.300264e+01
11 2.472036e+02 0.001701 -2.611970e-05 -8.990626e+02 1.122409e+03 1.113655e+01
11 2.499597e+02 0.00173151 -5.244215e-06 -8.989715e+02 7.931469e+02 1.039840e+01
11 2.487733e+02 0.00176547 -2.263213e-05 -8.988672e+02 8.153325e+02 1.966624e+01
11 2.499258e+02 0.00223333 4.240518e-06 -8.986820e+02 -6.846559e+02 -1.703515e-01
11 2.500000e+02 0.00204773 -2.191149e-05 -8.985610e+02 -5.466677e+01 1.302540e+01
11 2.489920e+02 0.00210103 -1.007996e-05 -8.984270e+02 -3.133233e+02 4.174023e+00
11 2.417279e+02 0.00220228 9.835443e-06 -8.984165e+02 -5.436382e+02 -1.462312e+01
11 2.500000e+02 0.00229169 -1.074482e-07 -8.982666e+02 -7.385963e+02 -2.557787e+00
11 2.339319e+02 0.00175934 -2.987609e-06 -8.982261e+02 7.517017e+02 1.671212e+00
11 2.475946e+02 0.00224531 -9.651036e-06 -8.980908e+02 -8.761627e+02 7.831967e-01
11 2.461892e+02 0.00190959 -1.459867e-05 -8.979440e+02 8.389100e+01 2.862768e+01
11 2.437232e+02 0.00229535 2.700075e-05 -8.976693e+02 -1.015823e+03 -1.700896e+01
11 2.369934e+02 0.00182179 7.590022e-06 -8.975277e+02 4.847600e+02 -1.193485e+01
11 2.420928e+02 0.00219737 9.204527e-06 -8.973695e+02 -1.597451e+03 -4.864066e+00
11 2.499785e+02 0.00176838 8.568055e-06 -8.972833e+02 8.244325e+02 5.190496e+00
11 2.500000e+02 0.00187384 1.919337e-05 -8.972499e+02 3.016628e+02 -9.182588e+00
11 2.450786e+02 0.00174611 -1.554122e-05 -8.971413e+02 9.166110e+02 6.694039e+00
11 2.424470e+02 0.0021538 -3.958587e-06 -8.971383e+02 -5.874836e+02 -4.670559e+00
11 2.355849e+02 0.00227462 -1.258146e-06 -8.971270e+02 -7.891749e+02 2.122718e-02
11 2.442271e+02 0.002174 -2.457286e-05 -8.970680e+02 -4.848374e+02 2.306004e+01
11 2.359036e+02 0.00203094 4.367173e-05 -8.968836e+02 -1.757616e+02 -3.126387e+01
11 2.500000e+02 0.00203586 -2.359458e-05 -8.967881e+02 -8.912576e+01 1.776434e+01
11 2.481974e+02 0.00183307 2.072315e-06 -8.967786e+02 4.879496e+02 1.224138e+00
11 2.500000e+02 0.00198662 9.456776e-06 -8.965949e+02 9.661717e+01 -5.218784e+00
11 2.488828e+02 0.0021341 -1.006973e-06 -8.964798e+02 -3.108313e+02 3.099795e+00
11 2.500000e+02 0.00223274 3.733354e-06 -8.964731e+02 -6.198561e+02 -2.135567e+00
11 2.475909e+02 0.00171061 -1.849552e-05 -8.964298e+02 1.142876e+03 7.963077e+00
11 2.500000e+02 0.0020479 1.409864e-05 -8.963681e+02 -1.579504e+02 -1.509506e+01
11 2.483324e+02 0.00191087 1.795844e-07 -8.962273e+02 3.610182e+02 7.867122e-02
11 2.209023e+02 0.00182424 2.299610e-05 -8.961446e+02 4.813923e+02 -1.972064e+01
11 2.499991e+02 0.00174093 3.879482e-05 -8.958911e+02 9.654992e+02 -1.665193e+01
11 2.482951e+02 0.0017143 -2.769864e-06 -8.957107e+02 1.077982e+03 -1.354173e+00
11 2.500000e+02 0.00224609 -1.993408e-05 -8.956769e+02 -6.367596e+02 1.203549e+01
11 2.500000e+02 0.00196004 3.160316e-05 -8.955752e+02 1.586427e+02 -2.102602e+01
11 2.500000e+02 0.0017276 -2.653771e-05 -8.955581e+02 1.228494e+03 1.650756e+01
11 2.421748e+02 0.00209781 -2.871206e-05 -8.952972e+02 -2.893542e+02 3.393630e+01
11 2.477179e+02 0.00198293 -2.792209e-05 -8.952904e+02 2.150111e+01 3.048458e+01
11 2.499825e+02 0.00212141 -1.559606e-06 -8.952760e+02 -3.012944e+02 -1.022482e+00
11 2.500000e+02 0.00210359 1.765607e-07 -8.952413e+02 -2.342733e+02 2.525209e-01
11 2.500000e+02 0.00222883 1.121697e-05 -8.952341e+02 -6.838765e+02 -9.050223e+00
11 2.452050e+02 0.00182086 -2.339620e-05 -8.951497e+02 3.828780e+02 2.162312e+01
11 2.484276e+02 0.00192552 8.784241e-06 -8.949144e+02 1.708762e+02 -3.348290e+00
11 2.500000e+02 0.00205003 -1.999188e-05 -8.947935e+02 -1.608837e+02 1.080399e+01
11 2.500000e+02 0.00188436 2.006774e-05 -8.946724e+02 2.547371e+02 -1.568914e+01
11 2.455910e+02 0.00202835 1.659958e-05 -8.946643e+02 -2.208641e+02 -8.982491e+00
11 2.500000e+02 0.00190961 7.259694e-06 -8.946611e+02 2.115065e+02 -6.844220e-01
11 2.414557e+02 0.00180986 -2.114436e-06 -8.945561e+02 9.291571e+02 -2.839928e+00
11 1.810036e+02 0.00171231 1.843910e-05 -8.945281e+02 1.034389e+03 -8.434618e+00
11 2.496052e+02 0.0018508 1.788326e-06 -8.942801e+02 3.144365e+02 4.426490e+00
11 2.500000e+02 0.00206746 2.231173e-05 -8.942393e+02 -6.933994e+00 -1.059309e+01
11 2.500000e+02 0.00170465 -3.081729e-05 -8.942125e+02 1.331491e+03 2.314219e+01
11 2.500000e+02 0.00199975 -1.184879e-05 -8.941767e+02 -4.227046e+01 6.019931e+00
11 2.415002e+02 0.00215134 3.210856e-05 -8.941729e+02 -3.283387e+02 -2.155257e+01
11 2.500000e+02 0.00203756 1.186333e-05 -8.941537e+02 -2.025506e+03 3.129969e-01
11 2.500000e+02 0.00200575 1.834454e-05 -8.940838e+02 6.269681e+01 -1.812490e+01
11 2.500000e+02 0.00201427 -9.271545e-06 -8.940670e+02 -7.213037e+01 1.072769e+01
11 2.472011e+02 0.00177294 2.340275e-05 -8.939729e+02 5.699875e+02 -1.172157e+01
11 2.500000e+02 0.00200915 -1.821093e-05 -8.939622e+02 5.745445e+01 2.090265e+01
11 2.135643e+02 0.00169259 3.963127e-06 -8.938162e+02 1.353163e+03 -2.362928e+00
11 2.499200e+02 0.00215921 -8.657685e-06 -8.936096e+02 -4.777631e+02 1.002201e+01
11 2.459877e+02 0.00174976 9.338152e-06 -8.935676e+02 9.022592e+02 -7.379146e+00
11 2.391069e+02 0.00181851 -9.297274e-06 -8.935076e+02 5.920676e+02 1.316145e+00
11 2.381604e+02 0.002182 1.566908e-05 -8.934356e+02 -1.507478e+03 -2.510356e+01
11 2.469670e+02 0.00227995 4.873900e-05 -8.933124e+02 -9.240555e+02 -2.262142e+01
11 2.500000e+02 0.00216044 1.596556e-05 -8.930135e+02 -3.871061e+02 -1.542646e+01
11 2.500000e+02 0.0022031 -1.615836e-05 -8.927643e+02 -1.522199e+03 1.126008e+01
11 2.493307e+02 0.00179849 -1.950729e-05 -8.926256e+02 6.172836e+02 1.286342e+01
11 2.487254e+02 0.00219433 2.087011e-05 -8.925926e+02 -4.989372e+02 -1.351094e+01
11 2.494920e+02 0.00180287 2.114201e-05 -8.925486e+02 5.050047e+02 2.841598e+00
11 2.448278e+02 0.00183576 9.867422e-06 -8.922856e+02 5.195043e+02 1.041205e+01
11 2.500000e+02 0.00209071 1.639512e-05 -8.922741e+02 -1.550399e+02 -1.030782e+01
11 2.500000e+02 0.00175146 -1.186012e-05 -8.921301e+02 1.777879e+03 2.094748e+01
11 2.500000e+02 0.00197245 2.839530e-05 -8.921173e+02 7.709286e+01 -3.054616e+01
11 2.249937e+02 0.00177759 -6.236347e-06 -8.921001e+02 1.432152e+03 9.483421e+00
11 2.363300e+02 0.00226693 2.647546e-05 -8.918418e+02 -1.258103e+03 -1.457743e+01
11 2.425210e+02 0.00188159 1.842159e-05 -8.917173e+02 3.978909e+02 -1.907868e+01
11 2.160725e+02 0.00220894 6.328849e-06 -8.916475e+02 -1.515484e+03 -1.739151e+00
11 2.500000e+02 0.00204128 -1.861183e-05 -8.916181e+02 -8.201862e+01 1.319973e+01
11 2.489921e+02 0.00201254 -1.801736e-05 -8.913030e+02 -2.918747e+01 1.313505e+01
11 2.499790e+02 0.00223804 -2.267971e-05 -8.912137e+02 -1.351237e+03 1.844840e+01
11 2.323334e+02 0.00221883 -7.362796e-06 -8.909474e+02 -6.053542e+02 8.165997e+00
11 2.500000e+02 0.00198451 2.876937e-05 -8.908527e+02 -3.968551e+01 -2.315281e+01
11 2.280741e+02 0.0017628 -4.435044e-05 -8.908226e+02 6.231820e+02 1.299481e+01
11 2.500000e+02 0.00190737 1.191456e-05 -8.907672e+02 1.730578e+02 -1.050010e+01
11 2.496117e+02 0.00221764 -3.789531e-05 -8.907584e+02 -1.341440e+03 2.863285e+01
11 2.279594e+02 0.00224072 -2.664191e-05 -8.905400e+02 -5.970982e+02 1.795597e+01
11 2.470479e+02 0.00170118 -1.537068e-05 -8.903778e+02 1.262138e+03 9.179309e+00
11 2.399037e+02 0.00180906 -4.693902e-05 -8.903375e+02 1.267900e+03 2.989021e+01
11 2.353717e+02 0.00208485 -1.713598e-05 -8.903178e+02 -3.094607e+02 2.157144e+01
11 2.499399e+02 0.00181178 1.033685e-05 -8.902864e+02 6.443546e+02 -1.206782e+01
11 2.500000e+02 0.00226932 -5.368621e-05 -8.902863e+02 -1.398716e+03 4.410487e+01
11 2.457247e+02 0.00172778 -1.946865e-05 -8.899041e+02 8.227568e+02 1.547382e+01
11 2.496517e+02 0.00187176 -1.080000e-05 -8.898875e+02 3.160881e+02 7.065121e+00
11 2.500000e+02 0.00194584 1.379456e-05 -8.897444e+02 1.112382e+02 -2.284223e+01
11 2.500000e+02 0.00208271 1.980553e-05 -8.896943e+02 -2.562018e+02 -1.728893e+01
11 2.500000e+02 0.00228782 -1.584335e-06 -8.896816e+02 -7.265645e+02 1.951013e+00
11 2.500000e+02 0.00216555 -1.618648e-05 -8.896679e+02 -8.501611e+02 5.477581e+00
11 2.500000e+02 0.00208659 7.524493e-06 -8.895055e+02 -2.693946e+02 -3.567374e+00
11 2.499985e+02 0.00215752 1.073962e-06 -8.894193e+02 -5.088618e+02 2.939380e+00
11 2.500000e+02 0.00211598 1.021729e-06 -8.893863e+02 -2.359308e+02 2.744790e-02
11 2.483792e+02 0.00176563 -1.854440e-05 -8.893765e+02 6.755694e+02 9.080291e-01
11 2.446384e+02 0.00178282 -1.339387e-05 -8.893147e+02 4.986394e+02 1.146521e+01
11 2.500000e+02 0.00202036 8.212658e-06 -8.892357e+02 2.354446e+00 -4.510902e+00
11 2.453180e+02 0.00176902 -9.019708e-06 -8.891802e+02 6.834305e+02 1.114290e+01
11 2.494442e+02 0.0020643 1.610602e-05 -8.891753e+02 -2.448177e+02 -1.302386e+01
11 2.500000e+02 0.00224298 -2.815912e-05 -8.890959e+02 -1.349885e+03 1.811142e+01
11 2.500000e+02 0.00186786 -1.172988e-05 -8.888656e+02 3.116467e+02 1.586043e+01
11 2.425864e+02 0.00183269 -5.822083e-06 -8.888655e+02 3.557199e+02 5.760668e+00
11 2.500000e+02 0.00228151 1.828292e-05 -8.886544e+02 -1.153401e+03 -1.061996e+01
11 2.500000e+02 0.0021054 -2.196588e-05 -8.884516e+02 -2.744468e+02 1.323941e+01
11 2.500000e+02 0.00193958 3.643485e-05 -8.884178e+02 1.800459e+02 -2.888565e+01
11 2.500000e+02 0.00193644 -1.115941e-05 -8.883861e+02 1.553566e+02 3.768335e+00
11 2.497841e+02 0.00215793 1.262946e-05 -8.881548e+02 -3.724934e+02 -4.497270e+00
11 2.500000e+02 0.00200459 -2.106521e-05 -8.881411e+02 1.151923e+02 2.020243e+01
11 2.500000e+02 0.00178638 -1.533820e-05 -8.880549e+02 6.061293e+02 1.701006e+01
11 2.494387e+02 0.00186136 3.013028e-05 -8.878931e+02 2.528105e+02 -2.155898e+01
11 2.488949e+02 0.00229122 1.989670e-05 -8.876534e+02 -8.937585e+02 -6.284153e+00
11 2.498640e+02 0.00226523 1.835269e-05 -8.876397e+02 -7.605527e+02 -7.326108e+00
11 2.498592e+02 0.00203186 -2.134659e-05 -8.876273e+02 -6.346349e+00 1.717362e+01
11 2.486340e+02 0.00203987 4.097381e-05 -8.876209e+02 -1.186140e+02 -3.909165e+01
11 2.500000e+02 0.00221079 2.579522e-05 -8.875679e+02 -1.182613e+03 -1.575897e+01
11 2.500000e+02 0.00198575 2.563143e-05 -8.875601e+02 -4.187149e+01 -1.964606e+01
11 2.500000e+02 0.00205135 1.349334e-05 -8.875421e+02 -1.027968e+02 -1.094212e+01
11 2.354615e+02 0.00178198 -2.736561e-06 -8.875137e+02 6.339150e+02 1.413105e+01
11 2.500000e+02 0.00195324 9.090318e-06 -8.873802e+02 1.729334e+02 -8.656131e+00
11 2.499744e+02 0.00221626 -4.546991e-07 -8.873187e+02 -7.577372e+02 5.508011e+00
11 2.417112e+02 0.00192552 -1.041744e-05 -8.873155e+02 2.911571e+02 9.057817e+00
11 2.492758e+02 0.00216546 -1.718126e-05 -8.872226e+02 -4.635784e+02 1.235728e+01
11 2.500000e+02 0.00201255 -4.957721e-06 -8.871708e+02 -1.038637e+02 2.498025e+00
11 2.500000e+02 0.00181949 2.868743e-05 -8.870939e+02 5.174263e+02 -2.836004e+01
11 2.500000e+02 0.00183389 -1.454468e-05 -8.870538e+02 4.086120e+02 1.703078e+01
11 2.500000e+02 0.00190385 -2.378937e-05 -8.869482e+02 2.669309e+02 2.515738e+01
11 2.500000e+02 0.00231205 -1.263615e-06 -8.869202e+02 -9.066278e+02 9.422344e-01
11 2.500000e+02 0.00225804 1.551341e-06 -8.869202e+02 -7.680656e+02 -4.493740e+00
11 2.389520e+02 0.00210311 6.791633e-06 -8.865997e+02 -2.666408e+02 -8.436152e+00
11 2.500000e+02 0.0018093 1.453800e-05 -8.865880e+02 5.443043e+02 -1.621779e+01
11 2.499507e+02 0.00210045 -3.991520e-06 -8.865424e+02 -1.876312e+02 3.541610e+00
11 2.499999e+02 0.00218841 -1.343089e-05 -8.865265e+02 -6.286188e+02 8.840965e+00
11 2.359208e+02 0.00214488 -1.019713e-05 -8.863596e+02 -3.168171e+02 9.941625e+00
11 2.445481e+02 0.00222322 -2.031143e-05 -8.860797e+02 -5.803559e+02 9.818275e+00
11 2.499008e+02 0.00221519 -3.797966e-06 -8.859925e+02 -1.746151e+03 -1.503608e+00
11 2.219605e+02 0.00216298 3.292938e-05 -8.859381e+02 -4.738041e+02 4.038307e-02
11 2.498574e+02 0.00195019 -3.842379e-05 -8.858518e+02 1.940161e+02 3.281674e+01
11 2.500000e+02 0.00179023 -1.728201e-05 -8.855767e+02 3.902574e+02 1.414921e+01
11 2.330793e+02 0.00184962 8.464837e-07 -8.854736e+02 3.514548e+02 3.989959e+00
11 2.052841e+02 0.00224071 -3.426402e-05 -8.854381e+02 -9.937935e+02 1.616247e+01
11 2.495542e+02 0.00176068 1.246603e-05 -8.854114e+02 1.280497e+03 -6.653801e+00
11 2.500000e+02 0.00192277 1.936707e-05 -8.853045e+02 1.730207e+02 -1.863176e+01
11 2.499118e+02 0.00179191 -5.780010e-06 -8.850405e+02 5.111530e+02 1.206114e+01
11 2.427560e+02 0.00189696 -2.988722e-05 -8.849282e+02 1.569858e+02 2.403319e+01
11 2.500000e+02 0.00200746 9.728163e-07 -8.849131e+02 6.128313e+01 -3.015561e+00
11 2.497007e+02 0.00211017 3.434525e-05 -8.846278e+02 -3.951678e+02 -3.090558e+01
11 2.207356e+02 0.00222454 -4.151860e-06 -8.845834e+02 -6.743181e+02 -2.175325e-02
11 2.500000e+02 0.00211679 3.616833e-05 -8.845309e+02 -2.900665e+02 -2.594703e+01
11 2.489575e+02 0.00171915 -7.195977e-06 -8.845179e+02 1.072492e+03 2.995576e+00
11 2.492905e+02 0.00203155 -1.044284e-05 -8.843456e+02 -3.008303e+01 1.557108e+01
11 2.484971e+02 0.00177625 9.403175e-06 -8.842857e+02 9.252558e+02 1.043546e+00
11 2.299824e+02 0.00196855 7.079082e-06 -8.842677e+02 7.536824e+01 -1.073269e+01
11 2.500000e+02 0.00198701 -2.601176e-06 -8.842315e+02 -7.461092e+00 1.980876e+00
11 2.500000e+02 0.00213308 2.818681e-05 -8.839614e+02 -4.256206e+02 -1.972250e+01
11 2.500000e+02 0.00192869 -2.378348e-06 -8.838437e+02 1.790279e+02 1.372159e+00
11 2.500000e+02 0.00217293 -6.263584e-06 -8.835651e+02 -3.536688e+02 2.833018e+00
11 2.500000e+02 0.00183023 -1.282287e-05 -8.835475e+02 1.280723e+03 1.016791e+01
11 2.464311e+02 0.00176832 5.228223e-05 -8.834578e+02 1.159048e+03 -3.058667e+01
11 2.500000e+02 0.00205269 2.603688e-07 -8.834429e+02 -4.159268e+01 2.674651e+00
11 2.330349e+02 0.00187201 2.770625e-05 -8.833932e+02 2.291875e+02 -2.695582e+01
11 2.071009e+02 0.00179222 2.525076e-05 -8.833471e+02 5.933232e+02 -1.679412e+01
11 2.469843e+02 0.00215372 -1.360207e-05 -8.832540e+02 -5.899589e+02 1.402335e+01
11 2.492474e+02 0.00220909 2.700221e-05 -8.831833e+02 -8.261028e+02 -1.150439e+01
11 2.500000e+02 0.00224985 -3.717045e-05 -8.831669e+02 -8.909694e+02 1.366401e+01
11 2.499996e+02 0.00225156 -1.994914e-06 -8.831599e+02 -9.145632e+02 -5.697632e+00
11 2.419749e+02 0.00226687 8.794304e-06 -8.830923e+02 -7.978566e+02 -1.624299e+01
11 2.500000e+02 0.00190457 -3.079619e-05 -8.830517e+02 2.763704e+02 3.500323e+01
11 2.178318e+02 0.00223204 1.630255e-06 -8.829138e+02 -7.646806e+02 8.040180e-01
11 2.371665e+02 0.00177388 -9.861339e-06 -8.828840e+02 5.071034e+02 1.237875e+01
11 2.452445e+02 0.00180937 1.812503e-05 -8.828641e+02 7.012432e+02 -1.626448e+01
11 2.500000e+02 0.0021466 1.836008e-05 -8.828331e+02 -4.961675e+02 -1.613587e+01
11 2.500000e+02 0.00178124 -1.100616e-05 -8.827826e+02 6.571762e+02 7.753309e+00
11 2.499975e+02 0.00223469 -8.640414e-06 -8.827326e+02 -1.399822e+03 7.865639e+00
11 2.500000e+02 0.00177811 -1.492360e-05 -8.827313e+02 6.222183e+02 1.213193e+01
11 2.499954e+02 0.00177237 -1.408444e-05 -8.826001e+02 7.658982e+02 9.580168e+00
11 2.500000e+02 0.00201553 3.870555e-06 -8.823547e+02 -5.523457e+00 -1.718018e+00
11 2.500000e+02 0.00220489 -9.940513e-07 -8.823497e+02 -1.202890e+03 -3.489486e+00
11 2.498816e+02 0.00191857 -2.364734e-05 -8.819915e+02 3.177546e+02 2.700869e+01
11 2.336539e+02 0.00226515 1.672223e-05 -8.819396e+02 -6.667855e+02 1.882499e+00
11 2.500000e+02 0.0022455 1.244315e-06 -8.817959e+02 -1.217065e+03 2.569837e-02
11 2.500000e+02 0.00185236 1.191948e-06 -8.817947e+02 3.945194e+02 -7.416587e-01
11 2.500000e+02 0.00217181 2.477977e-05 -8.817711e+02 -4.182092e+02 -2.680253e+01
11 2.480728e+02 0.00196783 -3.665735e-05 -8.817591e+02 9.741576e+01 2.599447e+01
11 2.500000e+02 0.00186153 -4.205395e-06 -8.817578e+02 2.049680e+02 -7.057831e-01
11 2.495944e+02 0.00186296 4.637111e-05 -8.816389e+02 2.947199e+02 -4.028070e+01
11 2.498125e+02 0.00193407 -1.380391e-05 -8.816121e+02 9.406552e+01 7.594804e+00
11 2.500000e+02 0.00195404 4.254441e-05 -8.814783e+02 8.620055e+01 -2.572498e+01
11 2.500000e+02 0.00202566 -1.805912e-06 -8.814467e+02 -1.586745e+02 3.599932e+00
11 2.499871e+02 0.00175907 -6.193225e-05 -8.812502e+02 9.547169e+02 2.485273e+01
11 2.492526e+02 0.00220501 -1.294821e-05 -8.812191e+02 -6.127172e+02 1.615788e+01
11 2.498955e+02 0.00190109 1.251446e-05 -8.811709e+02 2.370499e+02 -3.983326e+00
11 2.500000e+02 0.00207161 -1.455560e-05 -8.811193e+02 -1.964632e+02 1.321664e+01
11 2.500000e+02 0.00199714 1.271632e-05 -8.809415e+02 5.375423e+01 -8.846744e+00
11 2.343116e+02 0.0023121 3.235042e-05 -8.807464e+02 -1.216675e+03 -2.120038e+01
11 2.489296e+02 0.00227439 -1.097143e-05 -8.805902e+02 -1.001941e+03 7.816350e+00
11 2.484218e+02 0.00179357 -2.280351e-05 -8.805468e+02 1.575884e+03 1.518439e+01
11 2.500000e+02 0.00174524 -2.319285e-05 -8.803998e+02 1.355202e+03 1.113685e+01
11 2.497695e+02 0.00190567 2.514646e-05 -8.803984e+02 2.238774e+02 -2.209435e+01
11 2.500000e+02 0.00218608 2.130060e-05 -8.803064e+02 -6.611797e+02 -7.745703e-01
11 2.498595e+02 0.00217374 -2.718411e-07 -8.803039e+02 -5.801722e+02 5.499953e+00
11 2.493812e+02 0.00207842 3.818390e-05 -8.800185e+02 -1.464432e+02 -2.506900e+01
11 2.500000e+02 0.00229585 5.815380e-07 -8.800109e+02 -6.778434e+02 -4.007531e+00
11 2.500000e+02 0.00197044 1.772458e-05 -8.800060e+02 2.352526e+01 -1.397090e+01
11 2.006978e+02 0.00183805 -1.802629e-05 -8.798653e+02 5.431519e+02 1.757001e+01
11 2.500000e+02 0.00194865 1.321534e-05 -8.795309e+02 5.995763e+01 -1.406657e+01
11 2.354493e+02 0.00224101 2.706118e-05 -8.793864e+02 -6.020082e+02 -1.037300e+01
11 2.499251e+02 0.00231479 -1.333190e-05 -8.793685e+02 -1.052340e+03 8.770646e+00
11 2.438932e+02 0.00172982 1.404409e-05 -8.793666e+02 1.212229e+03 -7.347861e+00
11 2.500000e+02 0.00207754 8.204524e-06 -8.793615e+02 -2.265193e+02 -6.875405e+00
11 2.470499e+02 0.00229168 -4.334709e-06 -8.792915e+02 -8.916411e+02 -6.652193e+00
11 2.276474e+02 0.00226838 -1.782919e-05 -8.792513e+02 -1.076490e+03 5.565090e+00
11 2.500000e+02 0.00179047 7.597496e-06 -8.790764e+02 1.227216e+03 -4.091508e+00
11 2.500000e+02 0.00171192 1.219561e-05 -8.790620e+02 1.028863e+03 -6.516877e+00
11 2.298909e+02 0.0022666 2.690759e-05 -8.789731e+02 -1.058326e+03 -8.953363e+00
11 2.500000e+02 0.00214351 1.133431e-05 -8.789601e+02 -3.669624e+02 -1.036073e+01
11 2.148640e+02 0.00164769 3.983849e-06 -8.788611e+02 1.011265e+03 -5.943197e+00
11 2.443311e+02 0.00231171 -2.483306e-06 -8.788422e+02 -9.838324e+02 2.433044e+00
11 2.500000e+02 0.00181917 2.120040e-05 -8.785494e+02 4.754380e+02 -1.373858e+01
11 2.500000e+02 0.00174938 -2.224922e-06 -8.784871e+02 6.831414e+02 -2.485113e-01
11 2.341423e+02 0.0017603 -1.876877e-05 -8.784748e+02 7.557225e+02 6.011562e+00
11 2.481998e+02 0.00226767 -6.576080e-06 -8.784348e+02 -1.314046e+03 5.229727e+00
11 2.431455e+02 0.00189713 -9.957647e-07 -8.782081e+02 2.594591e+02 1.123830e+01
11 2.500000e+02 0.00179603 6.999273e-06 -8.781771e+02 6.227465e+02 -3.931735e+00
11 2.489334e+02 0.00228644 1.175965e-05 -8.781053e+02 -8.800894e+02 -6.706508e+00
11 2.500000e+02 0.00176449 2.227872e-05 -8.780711e+02 6.749305e+02 -1.012278e+01
11 2.298543e+02 0.00226001 -9.648214e-06 -8.780241e+02 -6.860576e+02 1.257106e+01
11 2.499768e+02 0.00169633 -1.964189e-05 -8.778606e+02 8.414534e+02 5.506525e+00
11 2.461483e+02 0.00197143 -1.748831e-05 -8.778547e+02 5.074967e+00 1.246117e+01
11 2.499240e+02 0.00216765 8.106399e-06 -8.777894e+02 -4.513049e+02 -4.852207e+00
11 2.500000e+02 0.00213278 1.345835e-06 -8.777890e+02 -2.624976e+02 8.804857e-02
11 2.420119e+02 0.00214498 -8.524677e-06 -8.777114e+02 -4.237648e+02 6.397820e+00
11 2.500000e+02 0.00223987 -2.220804e-05 -8.775839e+02 -8.244753e+02 1.068066e+01
11 2.476376e+02 0.0022104 1.235898e-05 -8.774242e+02 -5.990895e+02 -8.093697e+00
11 2.492803e+02 0.00172462 -2.011917e-06 -8.773623e+02 6.093709e+02 -2.342944e+00
11 2.499966e+02 0.00184138 3.544201e-06 -8.772096e+02 4.021197e+02 -1.824243e+01
11 2.473961e+02 0.00170541 2.291798e-05 -8.771694e+02 1.035151e+03 -1.302228e+01
11 2.500000e+02 0.00223142 -1.618420e-05 -8.771388e+02 -9.709814e+02 3.872423e+00
11 2.250859e+02 0.00177561 -1.326252e-05 -8.770539e+02 7.532164e+02 6.249050e+00
11 2.490195e+02 0.00170506 -1.685149e-05 -8.770361e+02 1.058473e+03 7.821473e+00
11 2.495172e+02 0.0017911 7.920135e-06 -8.768914e+02 6.011303e+02 -1.479568e-01
11 2.499519e+02 0.00209456 2.578984e-05 -8.767002e+02 -2.073043e+02 -2.533705e+01
11 2.483513e+02 0.00194323 3.070119e-05 -8.766994e+02 1.387191e+02 -2.528848e+01
11 2.352250e+02 0.00217914 3.012660e-05 -8.764936e+02 -4.505432e+02 -2.866683e+01
11 2.499998e+02 0.00176718 4.201541e-06 -8.764680e+02 1.052930e+03 4.785324e+00
11 2.500000e+02 0.00187022 2.023346e-05 -8.763267e+02 2.835125e+02 -1.364846e+01
11 2.500000e+02 0.00184129 2.508146e-05 -8.761343e+02 4.197914e+02 -2.132648e+01
11 2.500000e+02 0.00223339 -9.535218e-06 -8.761254e+02 -6.284975e+02 1.022327e+01
11 2.500000e+02 0.00171842 -3.930149e-05 -8.760831e+02 8.512094e+02 1.077206e+01
11 2.466080e+02 0.00184195 -2.525901e-05 -8.760679e+02 3.581200e+02 2.457054e+01
11 2.435658e+02 0.00172123 -7.684807e-06 -8.759866e+02 7.793635e+02 4.886563e+00
11 2.500000e+02 0.00204968 2.554311e-05 -8.757608e+02 -1.167756e+02 -3.070407e+01
11 2.500000e+02 0.00178758 5.408986e-06 -8.757393e+02 5.752949e+02 -4.067193e+00
11 2.435539e+02 0.00220206 5.591357e-06 -8.755892e+02 -9.807685e+02 -5.478822e+00
11 2.500000e+02 0.0020917 3.721013e-05 -8.754411e+02 -1.967861e+02 -2.596455e+01
11 2.497750e+02 0.00221078 3.132227e-06 -8.752471e+02 -6.746354e+02 -9.183201e+00
11 2.500000e+02 0.00178872 -2.478158e-05 -8.750730e+02 5.205149e+02 2.372684e+01
11 2.498522e+02 0.00211213 -4.156766e-06 -8.747686e+02 -3.206960e+02 5.944271e+00
11 2.487915e+02 0.0022527 -1.622498e-05 -8.747464e+02 -1.185354e+03 1.008429e+01
11 2.475682e+02 0.00170811 4.627590e-07 -8.747426e+02 1.044867e+03 -2.743816e+00
11 2.488127e+02 0.00176045 4.137554e-05 -8.743515e+02 9.205539e+02 -1.805899e+01
11 2.500000e+02 0.00222409 1.772860e-05 -8.743231e+02 -1.553456e+03 -1.401567e+01
11 2.492001e+02 0.00180061 -3.774381e-06 -8.741864e+02 3.990751e+02 3.196275e+00
11 2.498245e+02 0.001732 1.562033e-05 -8.739283e+02 1.166135e+03 -5.282918e+00
11 2.425058e+02 0.0016759 2.373839e-05 -8.738786e+02 8.891122e+02 -9.893588e+00
11 2.500000e+02 0.00214513 9.134537e-06 -8.738593e+02 -3.587379e+02 -8.152145e-01
11 2.500000e+02 0.00186525 -2.007376e-06 -8.738121e+02 3.574767e+02 -3.262460e+00
11 2.500000e+02 0.00197431 -2.318440e-05 -8.736997e+02 1.091832e+02 2.080224e+01
11 2.490450e+02 0.00214601 2.406684e-05 -8.736706e+02 -3.028437e+02 -1.576039e+01
11 2.499967e+02 0.00226817 -1.710182e-05 -8.733266e+02 -9.002952e+02 1.324847e+01
11 2.499710e+02 0.00173252 -1.466646e-05 -8.732801e+02 1.182642e+03 9.260812e+00
11 2.500000e+02 0.0018973 2.383028e-05 -8.732667e+02 2.010544e+02 -1.965764e+01
11 2.498772e+02 0.00225542 1.769282e-05 -8.732111e+02 -7.758653e+02 -1.460798e+01
11 2.493651e+02 0.00224795 1.186492e-06 -8.731454e+02 -9.219083e+02 -3.500335e+00
11 2.480674e+02 0.00210158 -2.986744e-05 -8.731370e+02 -2.899085e+02 2.190710e+01
11 2.500000e+02 0.00224166 4.710302e-06 -8.730286e+02 -7.669534e+02 2.493433e+00
11 2.500000e+02 0.00201538 -1.603960e-05 -8.729387e+02 -4.882925e+01 1.147811e+01
11 2.499997e+02 0.0020122 2.290230e-05 -8.728448e+02 -1.288373e+02 -1.313637e+01
11 2.495804e+02 0.002181 6.771912e-06 -8.728428e+02 -3.721420e+02 -9.959242e-01
11 2.465645e+02 0.00228097 1.033098e-05 -8.727161e+02 -8.509153e+02 3.034814e+00
11 2.499873e+02 0.00219203 4.729005e-06 -8.726666e+02 -4.566248e+02 -1.218154e+01
11 2.500000e+02 0.00185751 1.490606e-05 -8.722944e+02 2.475352e+02 -7.722939e+00
11 2.415362e+02 0.00229243 4.228415e-05 -8.721900e+02 -1.166947e+03 -2.681263e+01
11 2.460260e+02 0.00179702 -6.796885e-06 -8.720729e+02 6.044232e+02 6.876700e+00
11 2.490349e+02 0.00178024 1.250457e-05 -8.720504e+02 8.502097e+02 4.925468e+00
11 2.500000e+02 0.00223438 1.974227e-05 -8.719672e+02 -1.074921e+03 -7.776004e+00
11 2.500000e+02 0.00229188 -2.462110e-05 -8.718746e+02 -1.454615e+03 1.109140e+01
11 2.487607e+02 0.00180358 3.555298e-06 -8.718042e+02 4.894200e+02 -3.447225e+00
11 2.500000e+02 0.00192792 2.395116e-05 -8.717989e+02 2.868246e+02 -2.872411e+01
11 2.311531e+02 0.00221424 1.240418e-05 -8.717099e+02 -5.577629e+02 -1.485564e+01
11 2.341269e+02 0.00224972 -1.635998e-05 -8.716474e+02 -1.367273e+03 1.105757e+01
11 2.500000e+02 0.00196787 -3.554846e-05 -8.716343e+02 6.560667e+00 3.200130e+01
11 2.500000e+02 0.00197964 -1.270219e-05 -8.715958e+02 4.609155e+01 8.078025e+00
11 2.266695e+02 0.00175821 -9.303654e-07 -8.715743e+02 6.581523e+02 -8.003125e+00
11 2.493415e+02 0.00226495 -8.827747e-06 -8.713294e+02 -1.264802e+03 1.029935e+01
11 2.500000e+02 0.00226751 6.927748e-05 -8.712128e+02 -1.125572e+03 -4.692092e+01
11 2.500000e+02 0.00178841 -1.800115e-05 -8.711517e+02 7.849271e+02 1.114745e+01
11 2.500000e+02 0.00173316 -2.297187e-05 -8.710426e+02 8.396989e+02 1.026524e+01
11 2.484471e+02 0.00191633 -2.194863e-05 -8.709816e+02 2.389560e+02 1.498611e+01
11 2.401239e+02 0.0021982 -2.071653e-06 -8.708821e+02 -5.253314e+02 2.946351e+00
11 2.499468e+02 0.00179245 -1.758643e-05 -8.708766e+02 5.097783e+02 2.030054e+01
11 2.499984e+02 0.00224281 1.965225e-05 -8.706456e+02 -5.763682e+02 -1.428030e+01
11 2.500000e+02 0.0018176 1.035460e-05 -8.706320e+02 6.312938e+02 -1.163954e+01
11 2.467336e+02 0.00223119 -5.214425e-05 -8.705174e+02 -1.046437e+03 2.471627e+01
11 2.500000e+02 0.00218766 -4.266729e-05 -8.704038e+02 -3.390543e+02 2.729693e+01
11 2.500000e+02 0.00186249 9.528074e-06 -8.703762e+02 3.150498e+02 -1.107338e+01
11 2.500000e+02 0.00183139 2.199687e-06 -8.703726e+02 5.390156e+02 -4.174624e+00
11 2.499930e+02 0.002176 2.605370e-06 -8.703131e+02 -3.784070e+02 -1.915425e+00
11 2.500000e+02 0.00191219 3.125395e-05 -8.702446e+02 3.178338e+02 -3.100891e+01
11 2.406154e+02 0.00176172 6.802516e-06 -8.702014e+02 8.443672e+02 -4.522058e+00
11 2.500000e+02 0.00182207 -1.820172e-05 -8.701796e+02 5.063147e+02 1.665744e+01
11 2.382843e+02 0.00175043 1.822264e-05 -8.701577e+02 1.069244e+03 -9.837866e+00
11 2.264655e+02 0.00187862 3.084222e-05 -8.701443e+02 2.538324e+02 -3.409307e+01
11 2.478347e+02 0.00183888 7.653423e-05 -8.700887e+02 5.669316e+02 -3.029650e+01
11 2.379333e+02 0.00224948 -1.250368e-05 -8.699982e+02 -7.723865e+02 9.122563e+00
11 2.481860e+02 0.00227434 1.598621e-05 -8.699891e+02 -9.612173e+02 -9.191232e+00
11 2.500000e+02 0.0018962 6.637107e-06 -8.698313e+02 1.585217e+03 -7.424394e+00
11 2.473334e+02 0.00191231 2.030540e-05 -8.697515e+02 8.843493e+01 -1.807295e+01
11 2.451174e+02 0.0023004 2.641772e-05 -8.696689e+02 -9.394870e+02 -1.164657e+01
11 2.500000e+02 0.00225161 -2.271391e-06 -8.696559e+02 -6.861044e+02 4.299387e+00
11 2.500000e+02 0.00186763 -1.193064e-07 -8.695095e+02 3.599181e+02 -3.267136e+00
11 2.500000e+02 0.00215278 -1.444449e-05 -8.693661e+02 -7.375283e+02 9.563184e+00
11 2.493993e+02 0.00183768 4.832786e-06 -8.693623e+02 1.694778e+03 -1.548523e+01
11 2.499979e+02 0.00184699 -2.384378e-05 -8.693619e+02 3.040992e+02 1.386478e+01
11 2.487861e+02 0.00223533 -8.201600e-06 -8.693594e+02 -6.789473e+02 1.318202e+01
11 2.475008e+02 0.00173997 -3.425351e-05 -8.692973e+02 1.188781e+03 1.953081e+01
11 2.492376e+02 0.00214487 -3.004058e-05 -8.692839e+02 -3.470418e+02 2.101296e+01
11 2.500000e+02 0.00182 4.163454e-05 -8.692375e+02 1.298015e+03 -2.621414e+01
11 2.499912e+02 0.00223449 -2.118528e-05 -8.692115e+02 -7.090083e+02 2.330045e+00
11 2.498367e+02 0.00223561 2.048026e-05 -8.691956e+02 -6.429223e+02 -1.370700e+01
11 2.500000e+02 0.00194604 4.581012e-06 -8.691251e+02 4.050035e+01 -2.535459e+00
11 2.500000e+02 0.0017586 -6.894780e-06 -8.690924e+02 8.336553e+02 -4.475355e+00
11 2.480779e+02 0.00213419 -3.970530e-06 -8.689789e+02 -3.834056e+02 4.228632e+00
11 2.476783e+02 0.00177685 -3.851909e-06 -8.689291e+02 7.056763e+02 -5.374087e+00
11 2.459980e+02 0.00222499 1.514095e-05 -8.689048e+02 -8.135372e+02 -9.185823e+00
11 2.485719e+02 0.00181368 -5.634125e-06 -8.688746e+02 5.529965e+02 4.274990e+00
11 2.492903e+02 0.00175988 -1.944033e-06 -8.686594e+02 6.201506e+02 4.141355e+00
11 2.500000e+02 0.00178867 1.165534e-06 -8.685654e+02 5.842253e+02 9.531560e+00
11 2.462717e+02 0.00227473 2.548608e-05 -8.685507e+02 -1.436010e+03 -1.825813e+01
11 2.500000e+02 0.00222019 1.251816e-06 -8.684217e+02 -7.852737e+02 2.606629e+00
11 2.491074e+02 0.00178496 -3.256305e-05 -8.683059e+02 6.671226e+02 1.930925e+01
11 2.499909e+02 0.00195708 3.916340e-06 -8.682923e+02 1.011067e+02 -1.529086e+01
11 2.286200e+02 0.00212319 -4.417701e-05 -8.682604e+02 -3.043205e+02 3.825060e+01
11 2.500000e+02 0.00188851 3.388438e-05 -8.681111e+02 3.138280e+02 -2.614434e+01
11 2.500000e+02 0.00184693 5.649715e-06 -8.680021e+02 4.924471e+02 1.557901e+00
11 2.499702e+02 0.00170291 2.912791e-05 -8.678915e+02 9.388101e+02 -1.336264e+01
11 2.481196e+02 0.00216624 3.176061e-05 -8.677028e+02 -3.283045e+02 -2.218173e+01
11 2.498494e+02 0.00164244 -1.595348e-05 -8.676839e+02 9.889655e+02 5.903584e+00
11 2.278538e+02 0.00205491 -4.624347e-05 -8.674854e+02 -2.370966e+01 3.877808e+01
11 2.499780e+02 0.00187341 -2.347016e-05 -8.674425e+02 2.891683e+02 2.015936e+01
11 2.500000e+02 0.00204011 1.410591e-05 -8.673914e+02 -1.208698e+02 -7.837683e+00
11 2.462005e+02 0.00183008 -6.665019e-06 -8.673851e+02 5.320562e+02 -2.326292e+00
11 2.500000e+02 0.00198182 6.120677e-06 -8.673559e+02 1.194836e+02 -9.086449e-01
11 2.499551e+02 0.00182396 1.359507e-06 -8.673546e+02 6.358237e+02 -4.217007e+00
11 2.500000e+02 0.00218144 5.873080e-06 -8.671875e+02 -5.032031e+02 3.895547e+00
11 2.240161e+02 0.00215876 -3.492639e-05 -8.669694e+02 -3.096017e+02 3.425387e+01
11 2.492260e+02 0.00187517 -1.063928e-05 -8.669110e+02 4.559615e+02 1.507809e+01
11 2.499995e+02 0.00188062 1.253017e-05 -8.667489e+02 2.978564e+02 -7.862704e+00
11 2.498792e+02 0.00184657 -1.110291e-05 -8.666346e+02 3.754610e+02 9.165010e+00
11 2.415278e+02 0.00181513 -1.966598e-06 -8.665489e+02 5.377220e+02 5.244446e+00
11 2.499965e+02 0.00221612 -8.427834e-06 -8.664562e+02 -5.170834e+02 6.130790e+00
11 2.500000e+02 0.00184286 1.182433e-05 -8.664521e+02 5.193996e+02 -1.019013e+01
11 2.329841e+02 0.00228673 -1.295223e-05 -8.664267e+02 -1.047698e+03 3.914391e+00
11 2.382623e+02 0.00223406 3.394137e-05 -8.663601e+02 -1.504705e+03 -2.066399e+01
11 2.500000e+02 0.00202633 3.557872e-05 -8.662473e+02 3.891192e+01 -3.224371e+01
11 2.500000e+02 0.00228156 -1.154044e-05 -8.661767e+02 -7.937595e+02 6.966374e+00
11 2.500000e+02 0.00183795 1.667520e-05 -8.661329e+02 3.362279e+02 -1.215804e+01
11 2.500000e+02 0.00208057 -3.181881e-05 -8.661131e+02 -1.548256e+02 2.129157e+01
11 2.335158e+02 0.00173253 -2.757826e-06 -8.658602e+02 8.187680e+02 -6.813228e+00
11 2.494433e+02 0.00174152 2.084473e-06 -8.658361e+02 1.035049e+03 -4.427060e-01
11 2.499986e+02 0.00207039 -7.260289e-06 -8.658273e+02 -9.332214e+01 4.290978e+00
11 2.499402e+02 0.00181605 -2.105694e-05 -8.657908e+02 4.407750e+02 1.619851e+01
11 2.498941e+02 0.00195039 5.387849e-06 -8.657855e+02 1.217142e+02 -2.360433e+01
11 2.500000e+02 0.00177308 1.718712e-05 -8.656851e+02 9.249313e+02 -2.413144e+00
11 2.500000e+02 0.00170729 3.288827e-06 -8.656602e+02 8.539479e+02 2.158751e-02
11 2.499231e+02 0.00225562 4.884468e-06 -8.656144e+02 -7.390909e+02 -7.163785e+00
11 2.500000e+02 0.00185913 2.630958e-05 -8.654305e+02 3.745424e+02 -1.658479e+01
11 2.409160e+02 0.0020998 2.462579e-05 -8.652759e+02 -2.347313e+02 -1.749431e+01
11 2.500000e+02 0.00204715 -8.765053e-06 -8.652644e+02 -1.291768e+02 6.954161e+00
11 1.953003e+02 0.00183749 -2.286050e-05 -8.652243e+02 4.446671e+02 1.709549e+01
11 2.500000e+02 0.0019011 -1.067820e-05 -8.652092e+02 2.810673e+02 4.085169e+00
11 2.500000e+02 0.00196945 -4.421169e-06 -8.651884e+02 -5.030974e+00 3.289968e+00
11 2.359239e+02 0.00236346 1.500532e-05 -8.648926e+02 -8.169693e+02 -9.504339e+00
11 2.500000e+02 0.00191903 -3.387024e-06 -8.648714e+02 2.592006e+02 3.791044e+00
11 2.482767e+02 0.00190821 6.557343e-06 -8.648426e+02 2.250660e+02 -6.398640e+00
11 2.500000e+02 0.0017357 -8.575248e-06 -8.648169e+02 1.080256e+03 1.040382e+01
11 2.500000e+02 0.00173714 1.485841e-05 -8.647894e+02 8.217919e+02 3.643659e-01
11 2.500000e+02 0.00222155 -3.898772e-05 -8.647803e+02 -1.138158e+03 2.332217e+01
11 2.500000e+02 0.00178575 -1.526315e-05 -8.647024e+02 5.435531e+02 1.446051e+01
11 2.499629e+02 0.00227562 1.844775e-05 -8.646749e+02 -1.101754e+03 -1.006179e+01
11 2.500000e+02 0.00213113 1.226785e-05 -8.645812e+02 -3.408503e+02 -1.030278e+01
11 2.500000e+02 0.00213961 -2.827025e-05 -8.645433e+02 -2.895172e+02 2.654078e+01
11 2.500000e+02 0.00221945 -1.362189e-05 -8.644654e+02 -5.684537e+02 1.405314e+01
11 2.500000e+02 0.00193995 2.882902e-05 -8.644362e+02 6.127386e+01 -1.712956e+01
11 2.500000e+02 0.00211591 1.843071e-05 -8.644253e+02 -2.537325e+02 -2.106914e+01
11 1.954022e+02 0.00229168 -1.334514e-05 -8.643849e+02 -7.298951e+02 1.245995e+01
11 2.500000e+02 0.00201926 -2.024899e-05 -8.642978e+02 4.916586e+01 1.398989e+01
11 2.500000e+02 0.00180246 -7.515207e-06 -8.642788e+02 4.081564e+02 9.601510e+00
11 2.417451e+02 0.00175343 9.333112e-07 -8.642174e+02 1.181239e+03 3.605391e+00
11 2.499974e+02 0.00226519 8.052261e-06 -8.641647e+02 -9.681992e+02 -3.155786e+00
11 2.500000e+02 0.00192294 -1.090531e-05 -8.640846e+02 2.142183e+02 5.428092e+00
11 2.482876e+02 0.0021651 3.805278e-05 -8.640324e+02 -3.518400e+02 -3.019954e+01
11 2.467683e+02 0.00170723 -1.505464e-05 -8.640279e+02 1.100960e+03 8.376034e+00
11 2.500000e+02 0.0017386 -2.572241e-05 -8.639854e+02 1.070516e+03 1.378516e+01
11 2.490013e+02 0.00175737 1.524536e-05 -8.639286e+02 7.114216e+02 2.453944e+00
11 2.500000e+02 0.00229208 -1.510797e-05 -8.638202e+02 -8.520600e+02 4.923424e+00
11 2.080331e+02 0.001719 7.461065e-06 -8.637377e+02 8.851207e+02 -2.857892e+00
11 2.300958e+02 0.00221068 1.076457e-05 -8.637219e+02 -1.349997e+03 -5.910335e+00
11 2.500000e+02 0.00181523 1.233529e-05 -8.637218e+02 4.184929e+02 -9.072153e+00
11 2.485359e+02 0.00217089 2.052228e-05 -8.635690e+02 -4.110439e+02 -1.644521e+01
11 2.500000e+02 0.00177058 6.791091e-05 -8.635668e+02 9.165237e+02 -3.047669e+01
11 2.500000e+02 0.00204699 2.872990e-05 -8.634008e+02 -1.200734e+01 -2.148263e+01
11 2.467887e+02 0.00174084 1.178802e-05 -8.633223e+02 6.105932e+02 -1.188592e+01
11 2.500000e+02 0.00207771 1.990305e-05 -8.630539e+02 -1.697215e+02 -1.516967e+01
11 2.498078e+02 0.00207711 -3.423767e-05 -8.629411e+02 -2.601170e+02 2.260732e+01
11 2.257885e+02 0.00176874 -9.880116e-06 -8.628594e+02 5.956858e+02 6.121325e+00
11 2.472828e+02 0.0021837 8.132809e-06 -8.627998e+02 -5.088449e+02 -7.527314e+00
11 2.477985e+02 0.00176098 -3.142720e-05 -8.626956e+02 8.856088e+02 8.717864e+00
11 2.500000e+02 0.00226517 -1.191249e-05 -8.625220e+02 -9.173853e+02 6.802738e+00
11 2.479792e+02 0.00197506 -3.252809e-05 -8.624590e+02 6.098775e+01 2.400835e+01
11 2.500000e+02 0.00178248 1.158226e-05 -8.622576e+02 8.408989e+02 -6.448616e+00
11 2.500000e+02 0.00191251 -1.526255e-05 -8.622287e+02 2.763675e+02 1.110099e+01
11 2.500000e+02 0.0020071 -4.651578e-05 -8.620895e+02 -3.066317e+00 3.108535e+01
11 2.500000e+02 0.00178167 2.046606e-05 -8.620056e+02 1.275099e+03 -1.711665e+01
11 2.500000e+02 0.0018758 2.689043e-05 -8.619652e+02 3.657329e+02 -2.652768e+01
11 2.474556e+02 0.00180912 7.950892e-06 -8.619434e+02 1.594907e+03 4.802063e-01
11 2.500000e+02 0.00212759 3.761170e-07 -8.618709e+02 -3.092354e+02 1.355131e+00
11 2.303560e+02 0.00172118 1.929807e-05 -8.618591e+02 1.140880e+03 -1.016513e+01
11 2.500000e+02 0.00193057 5.118946e-06 -8.617886e+02 2.868656e+02 -4.065283e+00
11 2.500000e+02 0.00182652 -1.255832e-05 -8.617791e+02 4.774013e+02 1.140139e+01
11 2.495998e+02 0.00219587 1.583795e-06 -8.617569e+02 -1.475722e+03 -7.977099e-01
11 2.500000e+02 0.00175982 -1.956664e-06 -8.616409e+02 7.432073e+02 5.422485e+00
11 2.495013e+02 0.00231793 1.575629e-05 -8.615894e+02 -9.396082e+02 -7.650930e+00
11 2.500000e+02 0.00202472 8.894212e-06 -8.615766e+02 -6.859591e+00 -6.977481e+00
11 2.500000e+02 0.00194302 5.711473e-06 -8.615677e+02 1.627687e+02 -6.608022e+00
11 2.486126e+02 0.00174106 3.500395e-06 -8.615049e+02 9.055357e+02 7.912229e-01
11 2.500000e+02 0.00193325 5.200603e-05 -8.612788e+02 2.130628e+02 -3.597046e+01
11 2.500000e+02 0.00194904 -3.697793e-05 -8.612699e+02 2.280549e+02 2.845894e+01
11 2.500000e+02 0.00184101 -3.106132e-05 -8.611366e+02 3.601454e+02 2.328910e+01
11 2.500000e+02 0.00215614 -4.552181e-06 -8.611275e+02 -3.635497e+02 8.573728e-01
11 2.500000e+02 0.00218506 8.716565e-06 -8.610798e+02 -5.327594e+02 -6.663615e+00
11 2.365231e+02 0.00169816 3.368090e-06 -8.609451e+02 8.438822e+02 1.008581e+00
11 2.444025e+02 0.00191131 -2.306177e-05 -8.608810e+02 2.282933e+02 2.151853e+01
11 2.320735e+02 0.00220108 5.132496e-06 -8.608741e+02 -5.704096e+02 -3.250476e+00
11 2.495073e+02 0.00190276 -2.763120e-05 -8.608543e+02 2.718642e+02 2.232518e+01
11 2.500000e+02 0.00172255 -1.574522e-05 -8.608412e+02 1.024609e+03 1.063115e+01
11 2.500000e+02 0.00178658 3.823305e-06 -8.607701e+02 5.830005e+02 -3.316518e+00
11 2.500000e+02 0.00189491 9.356835e-06 -8.607127e+02 2.612513e+02 -1.436309e+01
11 2.446137e+02 0.00226201 -1.594222e-05 -8.606240e+02 -1.325261e+03 6.617284e+00
11 2.495135e+02 0.00213809 2.823343e-05 -8.606158e+02 -3.389979e+02 -2.056573e+01
11 2.395561e+02 0.00216357 -6.549828e-06 -8.603676e+02 -4.334785e+02 1.743219e+01
11 2.256400e+02 0.00212886 2.993549e-05 -8.603606e+02 -2.903021e+02 -2.557668e+01
11 2.483585e+02 0.00182488 -1.596544e-05 -8.603107e+02 1.846954e+03 8.306622e+00
11 2.498015e+02 0.0018857 -2.548750e-05 -8.601750e+02 3.069485e+02 2.035000e+01
11 2.496736e+02 0.00172821 1.163516e-05 -8.601170e+02 1.377755e+03 -1.322115e+01
11 2.500000e+02 0.00193801 3.296186e-05 -8.599869e+02 9.898643e+01 -1.730722e+01
11 2.500000e+02 0.00193205 9.106765e-06 -8.599547e+02 7.398534e+01 -7.099149e+00
11 2.451142e+02 0.00223517 -5.244287e-06 -8.599381e+02 -8.965464e+02 -2.780143e-01
11 2.492532e+02 0.00217503 1.017874e-05 -8.599236e+02 -1.796091e+03 9.953553e+00
11 2.500000e+02 0.00221799 1.537884e-05 -8.598888e+02 -4.893806e+02 -1.608452e+01
11 2.500000e+02 0.00220159 1.139465e-05 -8.598819e+02 -5.745319e+02 -1.002067e+01
11 2.347533e+02 0.00227668 1.607545e-06 -8.598352e+02 -9.530212e+02 1.265566e+00
11 2.499999e+02 0.00213369 4.742510e-06 -8.598143e+02 -4.706846e+02 -2.164407e+00
11 2.424128e+02 0.00207082 4.375335e-05 -8.597648e+02 -1.642069e+02 -4.109552e+01
11 2.358662e+02 0.00208547 -4.110706e-05 -8.597134e+02 -1.965660e+02 3.028841e+01
11 2.485082e+02 0.00228979 1.560897e-05 -8.597096e+02 -8.009106e+02 -5.729201e+00
11 2.495621e+02 0.00219233 -4.898327e-06 -8.596286e+02 -6.783228e+02 4.452312e+00
11 2.499907e+02 0.00229947 3.554689e-06 -8.596192e+02 -9.177119e+02 -3.702777e+00
11 2.500000e+02 0.0021143 1.233802e-05 -8.595755e+02 -2.337648e+02 -7.660351e+00
11 2.497654e+02 0.00178748 1.011374e-05 -8.595326e+02 1.452045e+03 -7.944842e+00
11 2.500000e+02 0.00198961 4.052349e-05 -8.595285e+02 6.660948e+01 -3.048258e+01
11 2.468351e+02 0.00204762 2.209359e-05 -8.595260e+02 -1.767755e+02 -1.632636e+01
11 2.500000e+02 0.00206892 3.391240e-05 -8.595153e+02 -1.669085e+02 -2.903965e+01
11 2.434164e+02 0.00177118 -1.069397e-05 -8.594419e+02 6.512906e+02 1.247927e+01
11 2.499562e+02 0.00191177 3.196864e-05 -8.594138e+02 9.254688e+01 -2.376592e+01
11 2.413453e+02 0.00218487 -9.656211e-06 -8.593478e+02 -8.175683e+02 1.056944e+01
11 2.434803e+02 0.0022775 7.145033e-08 -8.593368e+02 -1.062462e+03 -4.349821e+00
11 2.496961e+02 0.0020878 -1.136229e-05 -8.592992e+02 -2.013609e+02 9.110065e+00
11 2.417875e+02 0.00228302 -1.816811e-05 -8.591923e+02 -1.217551e+03 1.169612e+01
22 0.242091 2.50118e-05 1.95624e-05 0 0 0 
22 4.05817e-06 -5.17156e-06 -1.49699e-05 0 0 0 
22 -0.000482017 1.40326e-05 1.09914e-06 0 0 0 
22 -0.115172 -4.82686e-06 -1.00873e-05 0 0 0 
22 0.00158356 -1.36125e-05 1.42974e-05 0 0 0 
22 -7.73477e-06 2.28081e-05 -8.53755e-06 0 0 0 
22 0.315796 -3.12353e-05 1.91509e-05 0 0 0 
22 0.0924086 1.27273e-05 -4.69091e-06 0 0 0 
22 1.95015 4.86445e-06 -8.05527e-06 0 0 0 
22 0.000390199 7.15256e-05 1.14249e-05 0 0 0 
22 0.485764 -3.4631e-06 -1.30878e-05 0 0 0 
22 -5.4351 1.90992e-05 -9.09032e-06 0 0 0 
22 -0.373895 3.98068e-05 -2.68606e-05 0 0 0 
22 1.28916 -4.23785e-05 -1.49022e-05 0 0 0 
22 -0.346651 2.28691e-05 1.87794e-05 0 0 0 
22 0.00326452 3.32743e-05 -2.4512e-05 0 0 0 
22 0.0532753 -2.07976e-05 3.92465e-07 0 0 0 
22 -0.257412 2.39207e-05 -1.06902e-06 0 0 0 
22 -5.47181e-05 6.05517e-05 3.43882e-06 0 0 0 
22 1.52309 -4.38726e-05 6.9656e-06 0 0 0 
22 -0.00271708 2.47456e-05 1.33679e-05 0 0 0 
22 -3.20635 1.65864e-05 -3.14318e-06 0 0 0 
22 -1.48704 -2.77975e-05 -2.12826e-05 0 0 0 
22 1.17625 2.60907e-05 -2.07351e-05 0 0 0 
22 0.000359863 3.56056e-05 -3.08813e-06 0 0 0 
22 0.00465899 3.24637e-05 -2.06046e-05 0 0 0 
22 2.09867 -7.48791e-05 5.06136e-06 0 0 0 
22 -3.59116 -8.19725e-06 2.18792e-05 0 0 0 
22 -2.95125 5.55897e-05 1.07528e-05 0 0 0 
22 0.000246968 -1.97209e-05 1.06704e-05 0 0 0 
22 2.52751 4.66347e-05 -1.45223e-05 0 0 0 
22 1.48229 8.17599e-05 2.75651e-05 0 0 0 
22 0.417355 -2.51414e-05 1.94746e-06 0 0 0 
22 9.18501e-05 -1.1334e-05 5.86715e-06 0 0 0 
22 0.000710709 4.93882e-05 -1.41013e-05 0 0 0 
22 -0.189795 3.51364e-05 -3.5175e-06 0 0 0 
22 0.000402903 -5.04247e-05 -1.32556e-05 0 0 0 
22 -4.17402 -0.000114552 -1.25219e-05 0 0 0 
22 -1.47235 -2.66373e-05 -1.12776e-05 0 0 0 
22 0.0542339 -1.79371e-05 1.50083e-05 0 0 0 
22 -0.00157092 3.85185e-05 -6.9466e-06 0 0 0 
22 -6.91541 1.4799e-05 -2.20166e-05 0 0 0 
22 0.0340676 2.64005e-05 -2.84962e-06 0 0 0 
22 -7.08877 -1.81763e-05 -1.59712e-06 0 0 0 
22 0.610749 -1.4738e-05 4.7328e-06 0 0 0 
22 -0.442189 3.31685e-05 -2.73338e-06 0 0 0 
22 -0.441148 2.11429e-06 5.3319e-06 0 0 0 
22 0.131731 -1.5447e-06 -2.23529e-08 0 0 0 
22 0.00188149 -1.15308e-05 1.69538e-06 0 0 0 
22 0.0299702 -2.52094e-05 -1.7829e-06 0 0 0 
22 0.453259 -5.13921e-06 1.11301e-05 0 0 0 
22 0.030429 -3.64238e-07 1.95366e-05 0 0 0 
22 6.93567 -3.67254e-05 2.22842e-05 0 0 0 
22 2.45352 -3.71612e-05 -1.07514e-07 0 0 0 
22 0.970776 -3.70141e-05 6.98149e-06 0 0 0 
22 0.514201 -2.58158e-05 2.90133e-06 0 0 0 
22 0.867608 -3.93668e-06 1.31203e-05 0 0 0 
22 -0.91594 -4.06684e-06 -2.54416e-05 0 0 0 
22 2.72863 3.77566e-05 -2.1888e-05 0 0 0 
22 -0.0252348 2.19626e-06 -2.45168e-05 0 0 0 
22 6.83579 3.13385e-05 -8.31694e-07 0 0 0 
22 -0.00695074 -9.5516e-09 1.99997e-05 0 0 0 
22 -1.20954 8.24996e-06 9.85379e-06 0 0 0 
22 -0.80734 -8.44556e-05 -1.72428e-05 0 0 0 
22 -0.00178821 -2.64902e-05 1.22422e-05 0 0 0 
22 1.05226e-05 -1.00351e-05 1.54455e-05 0 0 0 
22 0.018368 -1.67313e-06 -6.97602e-06 0 0 0 
22 -0.0192068 6.2002e-06 -1.35835e-05 0 0 0 
22 -0.00839343 -1.20153e-05 -1.27809e-05 0 0 0 
22 -2.87796 -7.47423e-06 3.34739e-06 0 0 0 
22 -0.138715 -1.51342e-05 1.08363e-05 0 0 0 
22 -0.514969 -2.63396e-05 -1.96794e-05 0 0 0 
22 0.347271 -1.94178e-06 1.81172e-05 0 0 0 
22 2.71503 -4.83764e-06 -1.36719e-05 0 0 0 
22 -0.00649967 4.7488e-05 -3.09143e-05 0 0 0 
22 -1.0854e-05 1.59519e-05 1.24941e-05 0 0 0 
22 0.339252 -9.21188e-06 -2.91137e-05 0 0 0 
22 1.19521 1.27383e-05 5.79393e-06 0 0 0 
22 -0.130378 -2.3082e-05 -4.68514e-06 0 0 0 
22 -4.55231e-05 -3.11384e-05 -1.00521e-05 0 0 0 
22 -0.0881655 6.20095e-06 2.72328e-05 0 0 0 
22 -0.452584 3.11294e-05 1.2464e-05 0 0 0 
22 2.66483 3.88563e-05 -1.72556e-05 0 0 0 
22 1.89973 -2.45259e-05 -2.69637e-06 0 0 0 
22 8.65406e-05 2.30644e-05 -2.08815e-05 0 0 0 
22 -0.00619531 1.43563e-05 -5.54074e-06 0 0 0 
22 0.000406679 -1.46457e-05 6.03004e-06 0 0 0 
22 -0.498955 7.01006e-05 7.18442e-06 0 0 0 
22 -0.00435473 -5.07428e-05 -3.69686e-06 0 0 0 
22 -0.128743 -1.3097e-05 -9.76344e-06 0 0 0 
22 -1.87 2.72165e-05 2.04009e-05 0 0 0 
22 0.0477331 -2.26754e-05 -1.44927e-05 0 0 0 
22 0.104349 -2.57849e-05 -1.8158e-06 0 0 0 
22 -4.68239 -3.24038e-06 2.42862e-05 0 0 0 
22 24.6716 8.50845e-05 1.49783e-05 0 0 0 
22 1.95661 2.64502e-05 3.56984e-06 0 0 0 
22 0.0941412 1.56798e-05 1.21742e-05 0 0 0 
22 -0.177949 -6.55556e-05 2.96691e-05 0 0 0 
22 1.37376e-07 -1.93856e-05 8.67615e-06 0 0 0 
22 2.91768 1.71709e-05 -1.65286e-05 0 0 0 
22 -1.6769 -6.0053e-05 1.2725e-06 0 0 0 
22 -0.0125673 -3.0398e-05 4.24227e-06 0 0 0 
22 4.87753 -1.45744e-05 -2.20721e-05 0 0 0 
22 -0.00286872 6.9662e-05 1.47094e-05 0 0 0 
22 0.156193 8.25584e-05 1.33953e-05 0 0 0 
22 0.0474987 -4.52216e-05 -2.50144e-06 0 0 0 
22 -0.0351849 3.19548e-05 -7.98735e-06 0 0 0 
22 -4.96176e-06 4.18638e-05 -9.66929e-06 0 0 0 
22 -0.0205172 -5.2513e-05 6.2093e-06 0 0 0 
22 0.000606837 2.34847e-05 1.58202e-05 0 0 0 
22 -6.79434 2.91674e-05 1.18166e-05 0 0 0 
22 -0.000786089 -4.94082e-06 -1.35027e-05 0 0 0 
22 -0.00365647 -1.79684e-05 -8.58076e-07 0 0 0 
22 3.36839 -3.34816e-05 1.03878e-06 0 0 0 
22 -0.196169 2.71242e-06 -4.92171e-06 0 0 0 
22 -0.0448222 2.31964e-05 -7.65839e-06 0 0 0 
22 -2.93346 7.63541e-06 2.48461e-05 0 0 0 
22 0.139578 2.61767e-05 -1.01965e-05 0 0 0 
22 0.203339 -3.1974e-05 5.36053e-06 0 0 0 
22 0.0616202 -3.70337e-05 8.11207e-06 0 0 0 
22 0.0968736 1.37799e-05 -1.66784e-05 0 0 0 
22 -3.78624 -7.36511e-06 2.07268e-06 0 0 0 
22 -4.81523 2.19423e-06 1.54664e-05 0 0 0 
22 -0.0050834 9.01093e-05 -1.02636e-06 0 0 0 
22 -0.146518 1.21647e-05 8.20171e-07 0 0 0 
22 18.5537 -3.01364e-06 2.03464e-05 0 0 0 
22 1.46711 -3.11585e-05 2.15437e-05 0 0 0 
22 -0.081594 1.70974e-05 1.76113e-06 0 0 0 
22 -1.88004 2.67153e-05 -3.67172e-06 0 0 0 
22 -0.16636 3.58505e-05 8.76716e-06 0 0 0 
22 -0.140205 4.07893e-05 -1.96418e-05 0 0 0 
22 -0.00937894 3.62298e-05 -8.58178e-06 0 0 0 
22 3.90267 1.32048e-05 4.08161e-06 0 0 0 
22 -0.1347 2.12316e-05 7.41484e-06 0 0 0 
22 2.32095 -2.14031e-05 -2.05933e-06 0 0 0 
22 -0.0140001 5.85895e-06 -4.87732e-05 0 0 0 
22 -0.785145 7.43196e-06 -4.894e-06 0 0 0 
22 -0.00225732 -1.28695e-05 -1.17343e-05 0 0 0 
22 0.311267 -3.13551e-05 -2.10175e-05 0 0 0 
22 0.300597 5.30514e-05 1.33003e-05 0 0 0 
22 -0.160432 -2.87733e-05 2.37063e-06 0 0 0 
22 -8.85197 -1.57875e-05 1.8943e-05 0 0 0 
22 -0.441764 2.88187e-05 2.51174e-06 0 0 0 
22 0.350557 5.48535e-05 -2.70578e-05 0 0 0 
22 -0.255713 2.59184e-05 6.97227e-06 0 0 0 
22 2.37591 1.79258e-05 -1.64773e-05 0 0 0 
22 1.3387 2.97904e-05 9.50739e-06 0 0 0 
22 5.85571e-05 3.72797e-06 -1.88902e-05 0 0 0 
22 0.00589899 -2.60257e-05 -2.61898e-07 0 0 0 
22 5.91367 2.85833e-05 3.94505e-06 0 0 0 
22 0.00031198 -3.99461e-05 1.21838e-05 0 0 0 
22 0.263267 -6.56709e-06 -5.49616e-06 0 0 0 
22 1.58966 3.44512e-05 -6.06338e-06 0 0 0 
22 -4.8244e-06 -2.92673e-05 3.40708e-06 0 0 0 
22 7.04587 1.45983e-05 -2.01526e-05 0 0 0 
22 -0.00723186 -1.15461e-05 1.26804e-05 0 0 0 
22 3.1973e-07 -2.93512e-05 2.18611e-06 0 0 0 
22 -1.3854 1.67964e-06 -5.73909e-06 0 0 0 
22 0.657582 3.50501e-05 -3.69213e-06 0 0 0 
22 0.00521807 3.697e-05 2.15937e-05 0 0 0 
22 -0.00147335 3.49175e-05 2.57782e-06 0 0 0 
22 0.155017 3.45756e-07 -1.00803e-05 0 0 0 
22 4.06927 4.89909e-06 -1.61066e-06 0 0 0 
22 7.83804 1.32632e-05 -3.10099e-05 0 0 0 
22 -0.0361604 -1.5528e-05 3.08825e-05 0 0 0 
22 0.403163 -3.11757e-05 -6.89467e-06 0 0 0 
22 0.322468 2.73993e-05 1.6418e-06 0 0 0 
22 0.0792918 -2.50337e-05 -1.76273e-06 0 0 0 
22 0.00170548 3.8464e-05 -1.24692e-05 0 0 0 
22 -0.0331727 -2.52506e-05 7.29209e-06 0 0 0 
22 0.00352803 2.88704e-05 -4.93273e-06 0 0 0 
22 8.77832 3.70775e-05 -2.38281e-05 0 0 0 
22 -3.20153 2.97191e-05 4.38378e-06 0 0 0 
22 0.669246 4.01266e-05 -5.44531e-06 0 0 0 
22 0.00184139 -1.11003e-06 2.53149e-05 0 0 0 
22 -0.563967 -5.84854e-06 1.32751e-05 0 0 0 
22 -2.61597 -1.19503e-05 1.03208e-05 0 0 0 
22 0.0318123 -9.44196e-06 6.24687e-06 0 0 0 
22 -0.0745828 2.05082e-05 1.27389e-05 0 0 0 
22 -2.34483e-06 -1.04493e-05 -1.2161e-05 0 0 0 
22 0.00578375 -7.24239e-05 1.11121e-05 0 0 0 
22 0.445844 -9.59111e-06 -3.08084e-05 0 0 0 
22 -7.3185 -5.40775e-05 3.82298e-05 0 0 0 
22 0.000139442 -2.10561e-05 -1.25655e-05 0 0 0 
22 1.60899 1.42892e-05 2.07242e-05 0 0 0 
22 2.0648 4.35482e-06 -1.43035e-05 0 0 0 
22 -1.91194e-05 4.66781e-05 8.89908e-06 0 0 0 
22 -0.0944721 4.1257e-05 -1.37559e-06 0 0 0 
22 1.31687 1.47898e-05 4.43043e-06 0 0 0 
22 1.22603e-05 4.30691e-05 -3.13088e-06 0 0 0 
22 -0.00369144 -4.26208e-05 -1.60084e-05 0 0 0 
22 0.0183168 -2.25986e-05 -1.65808e-05 0 0 0 
22 0.0008059 7.97355e-06 5.90498e-06 0 0 0 
22 -0.69698 -1.66062e-05 -1.32999e-05 0 0 0 
22 -0.0353396 3.88271e-05 9.21919e-06 0 0 0 
22 -0.175962 1.72286e-05 1.78298e-05 0 0 0 
22 -0.733725 6.19732e-05 4.64634e-06 0 0 0 
22 0.254048 -1.99256e-05 -1.21279e-05 0 0 0 
22 0.099862 2.34788e-05 1.37702e-05 0 0 0 
22 0.241525 9.08784e-06 4.05081e-06 0 0 0 
22 -0.0753821 3.36779e-05 2.70413e-05 0 0 0 
22 -0.0376196 3.18268e-05 1.32003e-05 0 0 0 
22 0.0172614 2.47476e-05 6.95254e-07 0 0 0 
22 -0.0173914 -1.88205e-05 -3.0738e-05 0 0 0 
22 -21.9167 4.03454e-05 -7.63043e-06 0 0 0 
22 16.3765 7.84317e-06 -3.34497e-05 0 0 0 
22 21.4674 -3.36191e-05 3.21011e-05 0 0 0 
22 7.62393 -4.52998e-05 8.88722e-06 0 0 0 
22 -1.17574 1.7707e-05 5.49996e-06 0 0 0 
22 -0.666535 -2.02455e-06 2.12653e-05 0 0 0 
22 -0.0112888 -2.27099e-05 -1.49675e-05 0 0 0 
22 -1.76962 -1.18181e-05 -1.0143e-05 0 0 0 
22 1.13436 -3.38161e-05 -5.95944e-06 0 0 0 
22 0.0120254 1.12342e-05 -3.16976e-05 0 0 0 
22 0.880667 -4.75983e-05 2.21967e-05 0 0 0 
22 0.460961 -6.67704e-05 -3.03928e-06 0 0 0 
22 -0.00338132 -1.08216e-05 1.04423e-05 0 0 0 
22 -0.968913 -3.44636e-05 2.93765e-06 0 0 0 
22 -0.00376256 1.33942e-05 -1.6148e-05 0 0 0 
22 -0.0353911 -3.41489e-05 -2.31818e-05 0 0 0 
22 0.172246 -3.50649e-05 -4.80261e-07 0 0 0 
22 0.442181 -1.76934e-05 9.3088e-06 0 0 0 
22 0.391026 -1.74038e-05 -4.46654e-06 0 0 0 
22 -0.762423 5.92985e-05 -1.76434e-05 0 0 0 
22 -0.00269237 -2.45466e-05 -3.99347e-06 0 0 0 
22 4.93079e-06 0.000104346 -2.05985e-05 0 0 0 
22 0.015558 1.1769e-05 -3.25886e-05 0 0 0 
22 0.00106977 8.28586e-06 1.42171e-05 0 0 0 
22 -0.0913639 1.50202e-05 1.49167e-07 0 0 0 
22 0.587421 1.11559e-05 5.2045e-05 0 0 0 
22 3.55624 1.84839e-05 3.13536e-06 0 0 0 
22 -1.27476 -3.11597e-06 2.62614e-05 0 0 0 
22 0.00482551 5.38139e-05 -3.37133e-06 0 0 0 
22 1.74353 -1.58449e-05 -5.09941e-05 0 0 0 
22 -4.18888e-05 -2.51933e-05 -3.03951e-05 0 0 0 
22 0.364459 1.98871e-05 2.1269e-05 0 0 0 
22 -0.151274 5.66652e-05 1.6701e-05 0 0 0 
22 -0.288269 1.06872e-05 7.35907e-06 0 0 0 
22 0.414729 -1.09744e-05 2.3706e-05 0 0 0 
22 0.073251 -2.33278e-05 -1.53657e-05 0 0 0 
22 -1.76289 -2.5817e-05 7.15466e-06 0 0 0 
22 2.0662 -1.93008e-05 3.32495e-05 0 0 0 
22 4.79977e-05 -5.93581e-06 -7.68141e-06 0 0 0 
22 1.14885 -2.54141e-05 3.18666e-05 0 0 0 
22 2.22633 -4.72724e-06 3.05664e-05 0 0 0 
22 0.0647496 -7.4146e-05 -8.06253e-06 0 0 0 
22 0.00082167 -6.80787e-05 -2.59512e-06 0 0 0 
22 -0.455065 -5.81081e-05 -8.34932e-06 0 0 0 
22 -2.74963 1.72012e-05 2.04433e-06 0 0 0 
22 0.000964992 -3.21927e-05 2.57104e-05 0 0 0 
22 0.00318704 2.73158e-06 -6.61475e-06 0 0 0 
22 0.488291 7.44083e-06 2.70741e-05 0 0 0 
22 -0.0326279 1.00675e-05 -9.59502e-07 0 0 0 
22 -1.38761 -2.472e-05 4.23601e-05 0 0 0 
22 -4.34717 -3.48942e-06 -8.36648e-06 0 0 0 
22 -0.0779806 9.09758e-06 -1.1772e-05 0 0 0 
22 -0.507747 -2.13691e-05 1.02273e-05 0 0 0 
22 1.6153 3.03265e-06 -5.57014e-06 0 0 0 
22 0.258522 -3.61443e-07 1.04862e-05 0 0 0 
22 0.216964 -2.70816e-05 -2.11502e-06 0 0 0 
22 0.0770717 1.44496e-05 1.20645e-05 0 0 0 
22 -2.26207 4.1737e-06 -7.79627e-06 0 0 0 
22 -3.08524 -5.37547e-05 -3.03002e-05 0 0 0 
22 0.215352 1.05303e-05 1.22703e-05 0 0 0 
22 4.48546e-06 -1.31367e-05 -2.70218e-05 0 0 0 
22 -8.80624 1.20941e-05 -3.32829e-05 0 0 0 
22 -1.4119 -1.24508e-05 1.78938e-05 0 0 0 
22 -0.0306853 -2.00068e-05 -3.93146e-05 0 0 0 
22 -1.95362 -6.00742e-05 -1.1416e-05 0 0 0 
22 0.436497 -2.91349e-05 1.73064e-05 0 0 0 
22 0.054267 2.14628e-05 -2.65467e-05 0 0 0 
22 0.0814362 9.70025e-06 -5.00148e-05 0 0 0 
22 -0.000259217 -6.70602e-06 -4.49085e-06 0 0 0 
22 -0.00470253 -2.39028e-05 1.10204e-05 0 0 0 
22 10.4888 2.65744e-05 -1.20836e-06 0 0 0 
22 0.616563 1.36221e-05 -3.55914e-05 0 0 0 
22 -5.8865 9.65402e-05 4.35384e-06 0 0 0 
22 -0.00845283 4.23637e-05 -1.42176e-05 0 0 0 
22 -0.129746 4.85822e-06 -1.54433e-05 0 0 0 
22 -0.587948 1.77471e-07 7.40131e-06 0 0 0 
22 -2.93779 2.18758e-05 3.02191e-05 0 0 0 
22 -0.0402286 7.73225e-05 4.08407e-06 0 0 0 
22 4.83531e-05 1.38001e-06 -1.76523e-06 0 0 0 
22 3.8383 1.86465e-05 -2.34137e-05 0 0 0 
22 0.361923 -2.88375e-05 -9.15149e-06 0 0 0 
22 0.000288912 -3.65926e-05 1.58698e-05 0 0 0 
22 0.087278 -8.1322e-06 -6.22906e-06 0 0 0 
22 -0.391282 -1.24053e-05 -2.82374e-05 0 0 0 
22 -0.147319 -1.16722e-05 2.37331e-05 0 0 0 
22 -6.36663e-05 4.84744e-05 -1.00252e-05 0 0 0 
22 0.120615 4.74753e-05 1.68364e-05 0 0 0 
22 0.0660839 5.46028e-05 3.60508e-06 0 0 0 
22 -0.0693496 -1.60403e-05 2.90039e-05 0 0 0 
22 -0.0176314 6.29897e-05 6.33121e-06 0 0 0 
22 0.0441481 0.000104138 -2.19493e-05 0 0 0 
22 0.0494834 -1.10843e-05 7.47432e-06 0 0 0 
22 -0.354258 -2.28119e-05 -1.57992e-05 0 0 0 
22 -0.0156785 -3.51903e-05 -3.00345e-05 0 0 0 
22 -6.14565 2.21519e-05 3.84644e-05 0 0 0 
22 -0.00252554 3.30847e-06 -4.6117e-05 0 0 0 
22 -18.9432 1.70372e-05 4.08396e-06 0 0 0 
22 -0.171331 -6.84908e-05 1.12639e-05 0 0 0 
22 0.603613 -9.71007e-06 1.0162e-05 0 0 0 
22 -0.612696 1.30768e-05 -8.39485e-06 0 0 0 
22 -6.51106 -1.78694e-05 -3.77338e-06 0 0 0 
22 -6.0682 1.89307e-05 -4.83031e-06 0 0 0 
22 -0.00226578 -1.83724e-05 -1.01762e-05 0 0 0 
22 0.211961 1.23647e-05 6.48071e-06 0 0 0 
22 0.000521853 -6.12052e-06 9.95673e-06 0 0 0 
22 -1.30348 -9.60215e-07 2.9648e-06 0 0 0 
22 -0.44156 -4.1257e-05 8.15729e-06 0 0 0 
22 0.337457 -2.0911e-05 1.19964e-05 0 0 0 
22 0.0221084 -2.44384e-05 -3.32189e-06 0 0 0 
22 -8.82696 -5.37231e-05 -3.93041e-05 0 0 0 
22 -0.00371155 9.51157e-06 3.87024e-06 0 0 0 
22 -0.000463504 -4.77455e-06 1.50399e-06 0 0 0 
22 -0.221611 5.46876e-06 -1.1622e-06 0 0 0 
22 -0.175508 2.38936e-05 -1.82755e-05 0 0 0 
22 -0.171671 -4.96808e-05 -8.21063e-06 0 0 0 
22 -0.1454 8.899e-07 4.43792e-07 0 0 0 
22 0.0378622 -4.34568e-05 1.75016e-05 0 0 0 
22 -2.57714e-09 -9.77241e-06 -1.34617e-05 0 0 0 
22 -0.00667661 1.49944e-05 -1.63115e-05 0 0 0 
22 -1.05095 -1.13123e-05 -4.61209e-06 0 0 0 
22 3.81609 -8.51621e-06 -1.61376e-05 0 0 0 
22 0.000900691 1.24524e-05 -6.32756e-06 0 0 0 
22 -1.00215 -5.07626e-05 6.66091e-06 0 0 0 
22 -4.58198 -1.04464e-05 -1.33065e-05 0 0 0 
22 -0.00732191 2.04156e-05 -1.11753e-05 0 0 0 
22 -0.413486 1.10688e-05 1.09972e-05 0 0 0 
22 0.448353 2.15317e-05 -1.00474e-05 0 0 0 
22 0.133768 1.47315e-05 1.35214e-05 0 0 0 
22 0.24744 3.23313e-05 9.73288e-06 0 0 0 
22 -0.0328994 -4.06716e-05 4.41255e-06 0 0 0 
22 -0.759954 -5.51447e-06 -2.36859e-05 0 0 0 
22 -0.0689582 1.47573e-05 -1.75784e-05 0 0 0 
22 1.20398e-05 4.07e-05 -3.97042e-05 0 0 0 
22 -0.566391 -7.73916e-05 -1.00191e-05 0 0 0 
22 -0.0164694 -2.59892e-05 -3.50475e-05 0 0 0 
22 -10.2864 -2.9238e-05 8.18232e-06 0 0 0 
22 -0.212346 -1.60929e-05 1.02626e-05 0 0 0 
22 0.122943 -4.04957e-05 1.7584e-05 0 0 0 
22 0.00140733 2.05153e-05 2.05327e-07 0 0 0 
22 0.298364 4.47923e-05 9.66499e-06 0 0 0 
22 2.75912 -9.09004e-06 2.43353e-05 0 0 0 
22 -1.61047 1.01467e-05 1.16447e-05 0 0 0 
22 -0.00975443 -1.87641e-05 1.78377e-05 0 0 0 
22 -0.518484 -7.72292e-06 6.78044e-06 0 0 0 
22 -0.0187827 1.08984e-05 -3.64288e-05 0 0 0 
22 0.480377 3.7194e-05 6.5076e-06 0 0 0 
22 0.432427 2.1552e-06 -1.37644e-05 0 0 0 
22 -0.795448 -8.63036e-05 -4.35706e-06 0 0 0 
22 0.645343 3.36751e-05 -1.24027e-05 0 0 0 
22 2.62759 -9.39717e-05 1.88458e-06 0 0 0 
22 17.0721 -3.75987e-05 -2.72513e-05 0 0 0 
22 0.061355 -4.12056e-05 1.50419e-05 0 0 0 
22 0.615979 -3.31786e-05 1.54718e-05 0 0 0 
22 3.91417 2.4017e-05 -2.03112e-05 0 0 0 
22 -0.0352223 -5.96515e-05 2.26188e-05 0 0 0 
22 -0.0430589 -1.30651e-05 1.01236e-05 0 0 0 
22 0.179112 -5.81708e-06 3.30741e-05 0 0 0 
22 2.99604 1.85533e-05 -1.00888e-05 0 0 0 
22 -0.172669 3.67749e-05 -1.48643e-05 0 0 0 
22 -1.11818 -9.29227e-06 -2.02725e-08 0 0 0 
22 -0.00132124 6.59101e-05 -4.93201e-06 0 0 0 
22 -2.39018 1.88226e-05 3.77597e-05 0 0 0 
22 0.222959 9.11222e-06 -4.31733e-06 0 0 0 
22 -0.0628446 4.12559e-06 1.46268e-05 0 0 0 
22 -0.23897 -4.55545e-05 -1.04063e-05 0 0 0 
22 0.0244205 1.55636e-05 7.16276e-06 0 0 0 
22 0.00139146 -3.16876e-05 -8.27491e-06 0 0 0 
22 0.00119122 2.43609e-05 2.48638e-06 0 0 0 
22 2.56326 1.69842e-05 2.9399e-06 0 0 0 
22 0.13146 -9.38197e-06 9.59035e-07 0 0 0 
22 -0.00384866 -3.22331e-05 -1.96229e-05 0 0 0 
22 0.0053624 -7.73764e-06 -1.88838e-05 0 0 0 
22 -0.886518 1.02586e-05 -2.97523e-05 0 0 0 
22 0.460214 4.29992e-07 -1.70363e-05 0 0 0 
22 -7.38048 -4.74743e-05 6.77172e-06 0 0 0 
22 -0.673617 8.84364e-06 -1.00218e-05 0 0 0 
22 -4.54401 5.47452e-05 -5.69382e-05 0 0 0 
22 -2.426 -6.57073e-05 -7.69745e-06 0 0 0 
22 0.0894083 -2.27072e-05 1.08674e-06 0 0 0 
22 0.139025 -5.46805e-05 -2.17135e-06 0 0 0 
22 0.0835561 -5.71401e-06 1.94901e-06 0 0 0 
22 0.451903 -9.82737e-05 1.59981e-06 0 0 0 
22 0.00180174 4.06064e-05 8.97839e-07 0 0 0 
22 7.11079 7.88998e-05 8.15983e-06 0 0 0 
22 0.298258 -4.24762e-05 3.8303e-05 0 0 0 
22 1.84672 -5.00029e-05 -4.50163e-07 0 0 0 
22 6.40838e-05 9.86909e-05 2.56849e-06 0 0 0 
22 16.506 -2.62576e-05 6.16519e-06 0 0 0 
22 2.776 4.29095e-05 -5.00421e-05 0 0 0 
22 -0.010034 1.61563e-05 2.7541e-06 0 0 0 
22 1.66601 -5.14359e-05 -2.02825e-06 0 0 0 
22 0.00285852 1.28665e-05 -1.78669e-05 0 0 0 
22 -0.0049343 3.0418e-05 2.60086e-06 0 0 0 
22 -0.015416 1.70937e-05 2.99872e-05 0 0 0 
22 -0.418134 -6.83468e-06 2.134e-05 0 0 0 
22 -0.0121285 -5.18477e-06 -1.09036e-05 0 0 0 
22 -0.504413 -7.33686e-05 -1.01184e-05 0 0 0 
22 0.823562 -8.44389e-07 -7.22579e-06 0 0 0 
22 0.0453609 2.35287e-05 2.80224e-05 0 0 0 
22 2.28144 4.10865e-05 1.27961e-05 0 0 0 
22 -0.0241875 3.45841e-05 3.2724e-06 0 0 0 
22 -0.371401 -3.74113e-05 -2.89971e-05 0 0 0 
22 -4.69277e-05 -3.19872e-05 -2.25455e-05 0 0 0 
22 -0.00668475 1.74099e-05 2.1774e-05 0 0 0 
22 -0.014986 -4.9318e-05 2.4756e-05 0 0 0 
22 -0.490544 4.20383e-05 -3.62035e-05 0 0 0 
22 -0.07252 -4.26616e-05 -1.12777e-05 0 0 0 
22 0.000880912 -2.05296e-05 -1.30833e-05 0 0 0 
22 -0.000761487 3.48844e-06 1.49237e-05 0 0 0 
22 -8.32344 -2.60329e-05 1.03936e-05 0 0 0 
22 -0.0716991 2.09202e-05 3.8223e-06 0 0 0 
22 -0.83651 4.92148e-05 5.12854e-06 0 0 0 
22 -0.0167776 -6.41546e-05 2.30142e-05 0 0 0 
22 2.12642 -2.82001e-05 -2.09979e-05 0 0 0 
22 0.047168 -6.67261e-05 -3.07789e-06 0 0 0 
22 -3.21853 2.36517e-06 1.84247e-06 0 0 0 
22 -0.116814 -5.01389e-05 2.13175e-05 0 0 0 
22 -1.89923 1.08028e-05 4.29872e-06 0 0 0 
22 -3.2702 -6.30798e-06 -5.48562e-07 0 0 0 
22 -12.2187 -1.31879e-05 5.63805e-06 0 0 0 
22 2.74894 7.49974e-07 2.29094e-05 0 0 0 
22 0.342431 -1.71677e-05 4.73989e-06 0 0 0 
22 -0.356119 3.01873e-05 -9.46458e-06 0 0 0 
22 -0.0106389 -2.62825e-06 1.72175e-05 0 0 0 
22 -1.34359 1.82585e-05 -2.15072e-05 0 0 0 
22 -0.00490979 1.25877e-05 -1.09968e-05 0 0 0 
22 -0.919249 -1.90882e-06 -6.03499e-06 0 0 0 
22 -0.530792 6.24509e-06 -1.67087e-05 0 0 0 
22 1.28485 6.94567e-06 1.1951e-05 0 0 0 
22 0.000781091 -1.2066e-05 -1.54063e-05 0 0 0 
22 0.027448 -4.17334e-05 1.44142e-05 0 0 0 
22 0.346235 3.02983e-05 -1.55017e-07 0 0 0 
22 -9.06371 -8.55737e-06 1.72962e-05 0 0 0 
22 -0.578493 4.83195e-05 -1.44176e-05 0 0 0 
22 0.981252 -3.67471e-05 -4.61146e-06 0 0 0 
22 0.00487496 -2.01321e-05 -2.40181e-05 0 0 0 
22 -0.0147621 -2.59982e-05 3.0041e-06 0 0 0 
22 -1.21406 -3.62227e-05 -9.41966e-06 0 0 0 
22 0.286862 -2.45682e-05 9.70587e-06 0 0 0 
22 -0.179872 -7.40196e-07 8.75656e-06 0 0 0 
22 -0.116245 -1.41774e-05 -1.3491e-05 0 0 0 
22 2.09131 3.77268e-05 -3.05075e-05 0 0 0 
22 1.05414 6.61063e-05 -1.42588e-05 0 0 0 
22 -0.838786 2.51134e-05 1.02852e-05 0 0 0 
22 -0.000175529 1.75705e-05 7.79907e-06 0 0 0 
22 -0.00841271 7.43028e-05 3.04328e-06 0 0 0 
22 4.13342 1.76146e-05 -1.98964e-05 0 0 0 
22 4.5919 6.2632e-06 -1.22082e-05 0 0 0 
22 -0.51036 2.22714e-05 -6.05908e-06 0 0 0 
22 -0.00825331 6.21339e-05 -2.71125e-06 0 0 0 
22 -0.116144 -5.35719e-05 -1.51258e-05 0 0 0 
22 5.05841 7.00084e-06 -6.38857e-06 0 0 0 
22 -0.000398535 9.95716e-06 -2.85557e-06 0 0 0 
22 -0.172811 3.68297e-06 9.5247e-06 0 0 0 
22 -5.32291 -9.87784e-06 -8.41001e-06 0 0 0 
22 0.169039 -1.94573e-06 4.44319e-06 0 0 0 
22 0.273405 -5.08188e-05 3.79945e-05 0 0 0 
22 0.0353389 2.96137e-05 2.78715e-05 0 0 0 
22 -0.0414208 -1.61004e-05 -1.71465e-05 0 0 0 
22 -0.112354 -6.90376e-05 1.99211e-05 0 0 0 
22 -3.50062 6.05093e-05 1.57679e-06 0 0 0 
22 -0.00834076 3.75133e-05 4.19576e-06 0 0 0 
22 -7.69208e-05 -7.92661e-06 1.38287e-05 0 0 0 
22 -2.63402 -6.80354e-05 -7.22124e-06 0 0 0 
22 -0.594105 -3.14041e-05 2.88857e-05 0 0 0 
22 -0.000307574 1.11022e-05 2.44161e-05 0 0 0 
22 0.0563704 -4.90779e-05 2.73175e-06 0 0 0 
22 0.229692 -0.000104471 1.22419e-06 0 0 0 
22 3.08659 4.34175e-05 -7.7001e-07 0 0 0 
22 0.0426939 -3.00341e-05 4.31799e-06 0 0 0 
22 0.476828 3.11888e-05 -5.50549e-06 0 0 0 
22 -0.0653593 -1.59468e-05 -1.43497e-05 0 0 0 
22 -1.18001 7.39557e-07 1.19702e-05 0 0 0 
22 -0.607641 1.55381e-05 1.27948e-05 0 0 0 
22 -0.000195384 6.92094e-06 -9.58078e-06 0 0 0 
22 0.151693 -2.53226e-05 -5.91949e-06 0 0 0 
22 0.225571 9.22987e-06 -1.53109e-05 0 0 0 
22 0.026394 -4.59764e-05 3.60065e-06 0 0 0 
22 0.00447361 -1.33935e-05 1.09535e-05 0 0 0 
22 -0.0214768 1.9371e-05 -6.70434e-06 0 0 0 
22 -4.22978 -1.56561e-05 2.06977e-05 0 0 0 
22 -0.0315003 1.41315e-05 4.2664e-06 0 0 0 
22 -0.249921 2.02505e-05 2.47349e-05 0 0 0 
22 -0.000665868 1.83793e-05 -1.71793e-05 0 0 0 
22 0.00191098 3.23497e-05 -7.08517e-06 0 0 0 
22 3.44814 -3.64614e-05 4.1206e-06 0 0 0 
22 0.0294603 -9.63256e-05 -3.52202e-06 0 0 0 
22 0.0691429 -7.87086e-05 -3.62438e-05 0 0 0 
22 2.63809e-06 1.95309e-05 9.77592e-06 0 0 0 
22 0.19865 2.75811e-05 -1.87104e-05 0 0 0 
22 -0.347586 -4.61158e-05 -1.17129e-05 0 0 0 
22 -0.123289 6.99544e-05 -3.45023e-05 0 0 0 
22 -0.228147 -2.4843e-05 -1.47622e-05 0 0 0 
22 -20.2668 6.59835e-05 -5.77679e-06 0 0 0 
22 -2.14792 -1.34346e-06 5.26036e-05 0 0 0 
22 0.405079 3.92159e-05 -9.72703e-06 0 0 0 
