1.00016 0.0942549
1.00273 1.59426
1.006 3.5
1.00772 4.5
1.01372 8
1.01972 11.5
1.02143 12.5
1.06515 38
1.10887 63.4999
1.11059 64.4999
1.11659 67.9999
1.12259 71.4999
1.1243 72.4999
1.12757 74.4057
1.13014 75.9057
1.13116 76.4999
1.13373 77.9999
1.13631 79.4999
1.13802 80.4999
1.14402 83.9999
1.15002 87.4999
1.15174 88.4999
1.19546 114
1.23918 139.5
1.24089 140.5
1.24689 144
1.25289 147.5
1.25461 148.5
1.25788 150.406
1.26045 151.906
1.26147 152.5
1.26404 154
1.26661 155.5
1.26832 156.5
1.27432 160
1.28033 163.5
1.28204 164.5
1.32576 190
1.36948 215.5
1.3712 216.5
1.3772 220
1.3832 223.5
1.38491 224.5
1.38818 226.405
1.39075 227.905
1.39177 228.5
1.39434 230
1.39691 231.5
1.39863 232.5
1.40463 236
1.41063 239.5
1.41234 240.5
1.43054 251.114
1.44874 261.728
1.45046 262.728
1.47281 275.766
1.49447 288.397
1.49549 288.992
1.49806 290.492
1.50063 291.992
1.50234 292.992
1.50346 293.642
1.50877 296.792
1.51871 302.792
1.52383 305.942
1.52877 309.092
1.53801 315.092
1.54276 318.242
1.54734 321.392
1.55587 327.392
1.56025 330.542
1.56114 331.192
1.5625 332.192
1.56339 332.842
1.5676 335.992
1.57543 341.992
1.57945 345.142
1.58329 348.292
1.59042 354.292
1.59407 357.442
1.59754 360.592
1.60397 366.592
1.60725 369.742
1.61035 372.892
1.61608 378.892
1.61899 382.042
1.62173 385.192
1.62675 391.192
1.6293 394.342
1.63166 397.492
1.63599 403.492
1.63816 406.642
1.64016 409.792
1.64379 415.792
1.64559 418.942
1.64722 422.092
1.65015 428.092
1.65158 431.242
1.65285 434.392
1.65507 440.392
1.65614 443.542
1.65703 446.692
1.65855 452.692
1.65924 455.747
1.65926 455.897
1.65978 458.992
1.6606 464.992
1.66093 468.142
1.66109 471.292
1.66121 477.292
1.66117 480.442
1.66115 481.092
1.66111 482.092
1.66086 488.592
1.6606 495.092
1.66056 496.092
1.66053 496.842
1.66051 497.592
1.66048 498.342
1.66045 499.092
1.66041 500.092
1.66015 506.592
1.6599 513.092
1.65986 514.092
1.65984 514.742
1.65963 517.892
1.65904 523.892
1.65864 527.042
1.65806 530.192
1.65678 536.192
1.65601 539.342
1.65506 542.492
1.65307 548.492
1.65193 551.642
1.65062 554.792
1.64793 560.792
1.64642 563.942
1.64474 567.092
1.64135 573.092
1.63947 576.242
1.63742 579.392
1.63333 585.392
1.63109 588.542
1.62867 591.692
1.62387 597.692
1.62126 600.842
1.61847 603.992
1.61298 609.992
1.61 613.142
1.60684 616.292
1.60065 622.292
1.5973 625.442
1.59378 628.592
1.58688 634.592
1.58316 637.742
1.57927 640.892
1.57167 646.892
1.56759 650.042
1.56333 653.192
1.55503 659.192
1.55057 662.342
1.54964 662.992
1.5482 663.992
1.54726 664.642
1.54263 667.792
1.53363 673.792
1.52881 676.942
1.52381 680.092
1.51411 686.092
1.50892 689.242
1.50355 692.392
1.49315 698.391
1.48759 701.541
1.48643 702.191
1.48463 703.191
1.47298 709.691
1.46133 716.191
1.45954 717.191
1.44789 723.691
1.43624 730.191
1.43445 731.191
1.4228 737.691
1.41115 744.191
1.40936 745.191
1.40819 745.841
1.40703 746.491
1.40523 747.491
1.39358 753.991
1.38193 760.491
1.38014 761.491
1.36849 767.991
1.35684 774.491
1.35505 775.491
1.34456 781.341
1.33363 787.441
1.33094 788.941
1.32601 791.691
1.32108 794.441
1.3184 795.941
1.28389 815.191
1.24984 834.191
1.24805 835.191
1.24446 837.191
1.24088 839.191
1.23908 840.191
1.20503 859.191
1.17174 877.766
1.17147 877.916
1.16148 883.491
1.15072 889.491
1.14714 891.491
1.14355 893.491
1.14176 894.491
1.1406 895.141
1.13988 895.541
1.13898 896.041
1.13827 896.441
1.1371 897.091
1.13531 898.091
1.13364 899.025
1.12458 904.079
1.1154 909.199
1.11361 910.199
1.11244 910.849
1.11173 911.249
1.11083 911.749
1.11011 912.149
1.10895 912.799
1.10716 913.799
1.10599 914.447
1.10439 915.344
1.1017 916.844
1.10008 917.744
1.09847 918.644
1.09578 920.144
1.09417 921.044
1.08861 924.194
1.07822 930.194
1.07287 933.344
1.0677 936.494
1.05803 942.494
1.05306 945.644
1.04827 948.794
1.03934 954.794
1.03475 957.944
1.03382 958.594
1.03239 959.594
1.03146 960.244
1.02705 963.394
1.01885 969.394
1.01464 972.544
1.01061 975.694
1.00313 981.694
0.999308 984.844
0.998537 985.494
0.997351 986.494
0.996581 987.144
0.992937 990.294
0.986186 996.294
0.982742 999.444
0.97948 1002.59
0.973457 1008.59
0.970396 1011.74
0.969782 1012.39
0.968839 1013.39
0.968226 1014.04
0.965346 1017.19
0.960052 1023.19
0.957372 1026.34
0.954874 1029.49
0.950307 1035.49
0.94801 1038.64
0.945894 1041.79
0.942055 1047.79
0.93823 1054.24
0.935944 1058.19
0.935364 1059.19
0.934988 1059.84
0.934756 1060.24
0.934467 1060.74
0.934235 1061.14
0.933858 1061.79
0.933279 1062.79
0.930314 1067.91
0.927387 1072.96
0.926846 1073.9
0.926267 1074.9
0.92589 1075.55
0.925659 1075.95
0.925369 1076.45
0.925137 1076.85
0.924761 1077.5
0.924182 1078.5
0.923863 1079.05
0.918039 1089.1
0.903962 1113.41
0.895592 1127.86
0.893842 1131.01
0.890665 1137.01
0.889078 1140.16
0.887641 1143.31
0.885058 1149.31
0.883784 1152.46
0.882658 1155.61
0.88067 1161.61
0.879709 1164.76
0.878895 1167.91
0.877502 1173.91
0.876853 1177.06
0.876352 1180.21
0.875554 1186.21
0.875217 1189.36
0.875028 1192.51
0.874825 1198.51
0.8748 1201.66
0.874924 1204.81
0.875316 1210.81
0.875603 1213.96
0.875678 1214.61
0.875793 1215.61
0.875867 1216.26
0.876303 1219.41
0.87729 1225.41
0.87789 1228.56
0.878638 1231.71
0.88022 1237.71
0.881132 1240.86
0.881335 1241.51
0.881648 1242.51
0.881852 1243.16
0.882913 1246.31
0.885089 1252.31
0.886313 1255.46
0.887687 1258.61
0.890458 1264.61
0.891994 1267.76
0.892327 1268.41
0.892838 1269.41
0.893171 1270.06
0.894809 1273.21
0.897985 1279.21
0.899681 1282.36
0.901432 1285.51
0.904823 1291.51
0.906632 1294.66
0.908495 1297.81
0.912101 1303.81
0.914023 1306.96
0.915999 1310.11
0.919818 1316.11
0.921853 1319.26
0.923942 1322.41
0.927976 1328.41
0.930124 1331.56
0.932325 1334.71
0.936574 1340.71
0.966709 1382.25
0.99515 1421.42
0.995716 1422.2
0.99588 1422.43
0.995989 1422.58
0.996152 1422.8
0.996315 1423.03
0.996424 1423.18
0.996588 1423.4
0.996751 1423.63
0.99686 1423.78
0.996969 1423.93
0.997386 1424.5
0.998112 1425.5
0.998965 1426.68
0.999564 1427.5
0.999782 1427.8
0.999909 1427.98
0.999946 1428.03
0.999982 1428.08
1 1428.1
