3.06185e-63
5.71385e-05
0
5.35916e-06
0
1.62357e-05
0
1.09368e-05
0
0
7.65321e-08
0
0
0
0
1.42696e-05
0.000833597
0
0.00108688
0.000860958
0
0.000946081
0.000870865
0
0.000783178
0.000860165
0
0.000880362
0.0009507
0
0.000837215
0.000961467
0
0
0.000921275
0.000971468
0
0.000896098
0.000929118
0
0.0010078
0.000822237
0
0.000882054
0.000902014
0
0.000698723
0.00083232
0
0.000932486
0.000898387
0
7.78992e-11
0
0
0
0
0
0
0
0
0
0
0
0
0
0
0
0
0
4.84024e-05
0
4.48881e-05
2.50241e-05
0
6.27746e-05
5.13785e-05
0
4.62778e-05
4.41646e-05
0
3.28816e-05
4.96159e-05
0
3.68036e-05
3.22686e-05
0
0
0
5.28599e-05
4.01508e-05
0
6.12592e-05
3.74857e-05
0
4.09713e-05
5.64247e-05
0
4.10443e-05
4.03776e-05
0
4.67384e-05
4.05109e-05
0
4.2558e-05
4.17864e-05
0
8.36278e-11
0
0
0
0
0
1.03585e-08
0
0
0
5.25477e-08
9.35582e-08
0
2.35477e-12
0
0
0
0
0
4.83441e-05
0
3.4166e-05
5.36778e-05
0
3.00763e-05
3.69644e-05
0
5.48169e-05
5.69098e-05
0
4.29361e-05
4.92638e-05
0
6.05107e-05
3.90811e-05
0
0
2.71334e-05
4.16536e-05
0
2.99171e-05
4.41313e-05
0
3.75931e-05
4.2254e-05
0
5.22666e-05
4.11307e-05
0
3.86817e-05
3.43348e-05
0
4.76559e-05
3.80018e-05
0
5.70129e-12
0
0
0
0
0
1.10577e-08
0
0
1.09782e-09
0
0
0
0
0
0
0
0
0.000831585
0
0.000797934
0.000930848
0
0.000885138
0.00079034
0
0.000940819
0.000923042
0
0.0008501
0.000713771
0
0.000884395
0.000853673
0
0
0.000885573
0.000830842
5.06292e-07
0.000866555
0.000982464
0
0.000916452
0.000872509
0
0.000920176
0.000906879
0
0.000878053
0.000946039
0
0.000878125
0.000957278
0
0
0
3.11786e-07
0
0
0
0
2.76881e-09
0
4.38094e-11
0
0
0
0
0
0
2.1931e-09
3.44189e-08
0
0
1.51067e-09
9.34815e-08
0
1.25032e-08
0
0
0
6.22886e-11
0
0
0
0
0
0
0
0
0
2.44602e-08
0
0
0
0
0
0
0
0
0.000746601
1.97259e-273
0.000916986
0.000924509
0
0.000939723
0.000837494
0
0.000775188
0.000971078
0
0.000757404
0.000830452
0
0.00086018
0.000892951
0
0
0.000940606
0.000844228
0
0.000873064
0.000766814
0
0.000920864
0.000819871
0
0.000991327
0.000816554
0
0.000874869
0.000845573
0
0.000845953
0.000946674
0
2.11099e-10
0
0
0
0
0
0
0
0
0
0
0
0
0
0
0
0
0
3.85648e-05
0
4.30469e-05
3.68182e-05
0
3.66925e-05
3.1143e-05
0
4.00623e-05
3.76851e-05
0
3.53088e-05
3.70239e-05
0
5.20349e-05
5.28595e-05
0
0
0
4.88043e-05
3.08936e-05
0
3.73356e-05
4.78486e-05
0
5.10906e-05
4.57502e-05
0
3.98424e-05
4.14668e-05
0
4.4472e-05
4.35578e-05
0
6.16834e-05
4.20599e-05
0
6.7343e-11
0
0
0
0
0
1.45505e-08
0
0
0
0
1.03775e-07
0
0
0
0
0
0
0
3.38013e-05
0
3.99919e-05
4.16034e-05
0
3.97025e-05
4.2038e-05
0
5.0141e-05
4.30478e-05
0
5.53194e-05
6.0626e-05
0
5.06869e-05
4.52383e-05
0
0
4.66803e-05
4.1462e-05
0
2.99344e-05
2.62393e-05
0
4.82819e-05
5.04324e-05
0
6.5419e-05
4.91397e-05
0
4.40746e-05
4.0048e-05
0
4.12575e-05
3.39294e-05
0
1.13608e-11
0
0
0
0
0
3.85664e-08
0
0
7.57747e-09
6.42712e-09
0
0
0
0
0
0
0
0.000977348
0
0.000909304
0.0011754
0
0.000886314
0.000934492
0
0.000902929
0.00082966
0
0.000824953
0.000976061
0
0.000839838
0.000846499
0
0
0.000844264
0.000879088
0
0.00106901
0.000816367
0
0.0009196
0.000835239
0
0.000831424
0.00091311
0
0.0010024
0.000913706
0
0.00100816
0.000845287
0
0
7.41821e-10
4.41382e-07
0
0
0
0
1.21941e-05
0
6.29928e-06
6.98195e-09
0
3.47999e-06
3.87093e-06
0
3.63328e-06
3.5455e-07
0
2.99287e-06
1.94404e-06
0
2.08635e-08
2.42863e-07
0
5.39942e-09
0
0
0
0
0
0
0
0
6.77429e-08
0
0
4.97414e-08
3.49298e-07
0
0
1.57743e-06
2.96435e-07
0
0
0
3.73914e-06
9.04393e-06
0
0
3.0443e-08
0
0
0
0
1.30745e-07
3.63933e-07
0
0
0
9.7132e-07
0
0
5.79914e-10
2.32646e-06
0
0
0
1.39775e-06
2.99062e-06
0
0
5.62676e-07
1.7111e-08
0
0
0
7.7492e-08
5.69374e-09
0
0
2.68935e-06
6.31872e-07
0
0
1.54533e-07
2.50246e-07
0
0
0
2.6937e-06
5.54864e-06
0
0
6.62711e-07
1.87762e-08
0
0
0
1.06309e-07
3.43731e-08
0
0
2.09968e-273
1.71452e-06
1.93095e-273
2.0452e-273
4.09504e-07
9.92704e-07
0
0
0
1.08492e-05
4.96262e-08
0
0
4.97137e-07
0
0
0
0
0
0
0
0
5.71493e-08
6.03004e-06
0
0
0
5.10021e-06
0
8.08507e-08
0
3.98284e-07
0
4.91156e-07
0
0
0
4.53864e-06
0
3.28937e-06
1.10088e-07
0
6.14786e-07
3.94421e-07
0
2.80918e-08
4.24149e-08
0
2.77954e-08
9.09818e-06
0
1.2875e-08
0
0
0
5.38642e-05
0.000108956
8.67711e-05
5.62777e-05
0.000106105
7.39622e-05
0.000119502
8.37154e-05
0.000102538
0
2.34492e-06
0
0
9.4663e-06
1.49621e-05
0
1.47787e-05
1.09495e-05
0
4.94532e-07
1.61143e-06
0
0
0.000257588
2.44595e-273
0.000242385
0.000348226
0
0.000171462
0.000545083
0
0.000321427
0.000456829
0
1.90706e-06
0
0
0
4.90234e-05
0
2.66615e-06
0
0
5.43969e-06
4.51332e-05
0
0.00151688
0.00405992
0.00434902
0.0039302
0.00422966
0.00374687
0.00429478
0.00498682
0.00423788
0.00418157
0
6.24863e-06
1.74644e-07
0
7.85687e-06
0.000763464
0.00108736
0.000799404
0.000783304
0.000866947
0.000866091
0.000664908
0.000775707
0.000616286
0
1.35237e-05
7.77695e-07
0
1.15051e-06
0.00077232
0.00128371
0.00115277
0.000741002
0.000879422
0.000832695
0.000860632
0.000778232
0.000899422
0
2.84656e-05
1.99345e-06
0
1.13222e-05
9.92651e-05
7.08619e-05
8.37351e-05
7.87761e-05
2.33312e-05
7.49676e-05
9.11698e-05
5.33774e-05
8.58395e-05
0
6.39894e-05
9.42685e-05
1.69547e-05
0.000131267
8.63178e-05
4.66245e-05
3.87642e-05
0.000112513
0.000100242
0.000115807
0
5.67193e-05
6.40853e-05
0.000103837
9.66623e-05
6.96671e-05
9.82292e-05
5.50524e-05
6.40377e-05
6.93998e-05
9.04751e-05
0
4.3774e-05
7.29202e-05
9.62144e-05
9.72261e-05
4.21725e-05
5.62416e-05
5.38053e-05
9.63125e-05
7.1097e-05
6.48935e-05
0
4.77795e-05
8.63978e-05
4.6957e-05
6.08496e-05
5.80787e-05
0.000128129
6.80384e-05
8.04193e-05
0.000136329
5.84712e-05
0
6.41659e-05
6.29951e-05
7.47651e-05
6.98706e-05
5.97264e-05
9.5657e-05
6.83403e-05
5.56457e-05
5.36665e-05
7.02975e-05
0
6.10778e-05
9.41897e-05
0.000114444
7.08696e-05
7.90539e-05
3.56426e-05
8.52108e-05
7.71482e-05
7.74804e-05
6.2224e-05
0
2.47039e-07
0
0
0.000120998
0.00245465
0
0
0
1.06558e-05
0
0
5.71395e-05
0.00141366
0
0
