9.51695e-50
8.06273e-05
0
1.40736e-05
0
1.69423e-05
0
3.37353e-05
0
0
1.52058e-07
4.19081e-10
0
0
0
2.12938e-06
0.000931288
0
0.000901203
0.000940025
0
0.000917919
0.000876392
0
0.000880609
0.000927225
0
0.000940143
0.000919052
0
0.000879147
0.000955897
0
0
0.000876584
0.000928399
0
0.000897987
0.000882544
0
0.000866462
0.000901181
0
0.000848263
0.000892555
0
0.000922864
0.000942753
0
0.000936152
0.000906249
0
1.20491e-08
0
0
0
0
0
6.35899e-07
0
0
1.07049e-06
1.04721e-06
0
2.54123e-09
0
0
0
0
0
4.29716e-05
0
4.1428e-05
4.33148e-05
0
4.12645e-05
4.58432e-05
0
4.69227e-05
4.53927e-05
0
4.22533e-05
4.63504e-05
0
4.77477e-05
4.42012e-05
0
0
0
4.44207e-05
4.60729e-05
0
4.48555e-05
4.35009e-05
0
4.70584e-05
4.35594e-05
0
3.99596e-05
3.83176e-05
0
4.63289e-05
4.22817e-05
0
3.95192e-05
4.09241e-05
0
3.53677e-08
3.7207e-09
1.3937e-12
1.59863e-10
0
0
1.03658e-05
0
0
0
1.27981e-05
1.40066e-05
0
4.45558e-08
0
2.46304e-09
8.88234e-10
0
5.14599e-08
4.2215e-05
0
4.70047e-05
4.7907e-05
0
4.25563e-05
4.84257e-05
0
4.55965e-05
4.48026e-05
0
4.98812e-05
4.264e-05
0
4.60254e-05
4.66414e-05
0
0
4.07998e-05
3.94006e-05
0
4.59626e-05
4.18632e-05
0
4.84825e-05
4.01877e-05
0
4.39392e-05
4.00236e-05
0
3.80437e-05
4.5884e-05
0
4.42872e-05
4.32285e-05
0
3.89341e-09
0
0
0
0
0
4.63155e-07
0
0
6.05787e-07
2.89601e-07
0
5.64775e-10
0
0
0
0
2.73331e-08
0.000967409
0
0.000905475
0.000897365
0
0.000910407
0.000919761
0
0.00092271
0.000916249
0
0.00088443
0.000889087
0
0.00091189
0.000908466
0
0
0.000871517
0.000913019
0
0.000888529
0.000976494
0
0.000910269
0.000944906
0
0.000884081
0.000890689
0
0.000899965
0.000912538
0
0.000860887
0.000873212
0
0
0
1.0357e-06
1.7666e-08
0
0
7.97892e-09
1.11584e-07
0
2.29659e-08
5.53936e-09
0
0
2.08752e-08
1.57327e-08
0
1.65464e-08
5.27474e-09
0
0
1.87869e-08
1.2818e-08
0
1.18089e-08
3.53282e-08
0
0
1.70509e-09
3.97437e-08
0
0
0
0
0
0
0
2.16969e-09
9.05261e-08
0
0
1.69134e-08
2.1023e-10
0
0
0
6.29029e-06
0.000835912
0
0.000888139
0.000935848
0
0.000872707
0.000927785
0
0.000874322
0.000957327
0
0.000897977
0.000865655
0
0.000899053
0.000873651
0
0
0.00093053
0.000845696
0
0.000896146
0.000886967
0
0.000887442
0.000849914
0
0.000954608
0.000894254
0
0.000938225
0.00088128
0
0.000906199
0.000875096
0
9.11609e-09
0
0
0
0
2.94831e-08
5.66179e-07
0
0
9.69079e-07
9.17501e-07
0
6.37176e-08
9.47021e-10
0
0
0
4.00242e-09
4.39129e-05
0
4.88215e-05
4.59766e-05
0
4.68073e-05
4.75218e-05
0
4.98598e-05
4.65559e-05
0
4.91321e-05
4.44466e-05
0
4.25752e-05
4.59158e-05
0
0
0
4.59449e-05
4.53205e-05
0
4.76136e-05
5.44931e-05
0
4.52615e-05
4.62426e-05
0
4.62489e-05
4.71758e-05
0
4.6989e-05
4.18547e-05
0
4.82905e-05
4.58584e-05
0
2.5737e-08
0
1.16443e-09
1.48203e-09
0
2.0634e-07
1.24947e-05
0
0
0
1.23012e-05
1.38471e-05
0
5.53574e-08
4.25257e-09
1.51403e-09
0
0
6.23362e-07
4.46295e-05
0
4.46159e-05
4.42575e-05
0
4.60644e-05
4.55394e-05
0
4.44319e-05
4.6021e-05
0
4.20694e-05
4.5648e-05
0
4.0181e-05
4.49237e-05
0
0
4.4041e-05
4.02339e-05
0
4.19517e-05
3.8686e-05
0
4.49075e-05
4.54202e-05
0
4.59269e-05
4.32157e-05
0
4.57797e-05
4.33009e-05
0
4.40651e-05
4.17021e-05
0
7.30061e-09
0
0
0
0
0
7.6569e-07
0
0
8.54145e-07
9.21855e-07
0
8.61256e-10
0
0
0
0
0
0.000898658
0
0.000888959
0.000894035
0
0.000863254
0.000959691
0
0.000895246
0.000895891
0
0.000901816
0.000913849
0
0.000860548
0.00087197
0
0
0.000899153
0.000884008
0
0.000891862
0.000953522
0
0.000953178
0.000840301
0
0.000886745
0.00091104
0
0.000927478
0.000880674
0
0.000935257
0.00088067
0
0
0
3.70981e-07
1.14023e-10
0
0
0
5.13212e-06
0
5.9032e-06
5.40255e-06
0
3.61545e-06
2.32507e-06
0
1.3199e-06
8.38056e-07
0
2.09871e-06
7.17485e-07
0
5.73018e-07
8.11756e-07
0
8.46873e-09
0
0
0
0
0
0
1.31269e-274
1.97537e-08
2.3084e-07
0
0
2.0545e-06
2.45783e-06
0
4.27854e-08
1.80786e-06
3.06304e-06
0
0
0
2.61537e-06
3.34593e-06
0
0
7.68247e-07
3.15326e-07
0
0
0
3.20786e-07
2.25778e-07
0
0
3.27904e-07
2.56935e-06
0
0
3.03e-06
3.97184e-06
0
0
0
3.61561e-06
2.21342e-06
0
1.85781e-09
5.77662e-07
1.51358e-07
0
0
0
2.18778e-07
8.27089e-07
0
0
6.01355e-07
2.81021e-06
0
0
3.43653e-06
3.86601e-06
1.47089e-274
0
0
4.58753e-06
2.45192e-06
0
0
8.68927e-07
1.123e-07
0
0
0
2.77462e-07
1.25923e-07
0
0
9.59552e-07
1.10193e-06
0
0
2.05012e-06
3.18613e-06
0
0
0
2.89651e-06
2.71469e-06
0
0
5.55784e-07
1.83773e-07
0
0
0
4.89288e-07
2.11736e-07
0
0
8.71937e-07
1.91423e-06
0
0
0
3.92855e-06
0
4.58807e-07
0
1.6028e-07
1.34214e-274
3.35188e-07
0
0
2.95283e-07
2.38558e-06
0
1.00477e-06
8.58938e-07
0
9.55318e-07
1.28893e-06
0
4.47749e-07
3.73913e-07
0
1.89243e-06
3.93918e-06
0
9.19439e-09
8.02707e-10
0
0
7.69436e-05
8.36209e-05
0.000101006
8.84133e-05
8.89848e-05
8.63825e-05
9.07419e-05
8.02311e-05
0.000100547
0
2.80512e-06
4.40026e-07
0
4.28647e-06
2.18656e-05
0
3.05879e-05
3.60234e-05
0
1.95889e-06
9.75083e-08
0
7.18e-06
0.000317871
0
0.00038927
0.000334853
0
0.000359965
0.000608402
0
0.000533322
0.000561797
0
4.16561e-06
2.61875e-08
0
2.22904e-06
6.99069e-05
0
2.27984e-06
2.81879e-07
0
2.20135e-06
7.47305e-05
0
0.00175643
0.00418827
0.00413132
0.00410505
0.00401174
0.00402593
0.00399766
0.00412506
0.00418849
0.00400109
0
1.33562e-05
2.06485e-06
0
3.05222e-05
0.000882784
0.00079602
0.000858951
0.000870997
0.000891105
0.000823907
0.000828684
0.000753143
0.000815723
0
7.13778e-05
2.54064e-05
0
0.000134062
0.000932082
0.000864616
0.000813275
0.000829884
0.000859223
0.000766613
0.000862883
0.000853405
0.000773347
0
7.74192e-05
3.51973e-05
0
5.09939e-05
6.53957e-05
8.74943e-05
7.95665e-05
9.61607e-05
8.39576e-05
7.98879e-05
8.75847e-05
7.38377e-05
7.77598e-05
0
7.51321e-05
7.87162e-05
6.64328e-05
6.96095e-05
8.04829e-05
7.27903e-05
6.9997e-05
7.03463e-05
6.4977e-05
8.59424e-05
0
6.83704e-05
6.45383e-05
8.59297e-05
7.88313e-05
7.10335e-05
8.01225e-05
5.62291e-05
6.74315e-05
9.15506e-05
8.72726e-05
0
7.39006e-05
8.64592e-05
7.00979e-05
8.00215e-05
7.90104e-05
7.86006e-05
7.73256e-05
7.00068e-05
7.20917e-05
8.35356e-05
0
7.23068e-05
7.86281e-05
8.19794e-05
7.26079e-05
7.3422e-05
7.45043e-05
7.87195e-05
7.07113e-05
7.82862e-05
8.27288e-05
0
8.12854e-05
6.25646e-05
6.57635e-05
7.44404e-05
8.0049e-05
7.3211e-05
7.53451e-05
7.11755e-05
6.27028e-05
6.45887e-05
0
7.23411e-05
7.44498e-05
7.02764e-05
8.01464e-05
8.69606e-05
6.83892e-05
7.14275e-05
6.90235e-05
7.02304e-05
7.85518e-05
0
2.78926e-06
3.76506e-06
0
0.000281214
0.00466364
0
0
0
1.56539e-05
3.41308e-07
0
7.65921e-05
0.00260406
0
0
