3.17232e-50
0.00057614
0
0.000641552
0
0.00136972
0
0.00135002
0
0
7.05124e-06
1.03141e-07
0
0
0
2.0354e-05
0.000855823
0
0.000877436
0.000878394
0
0.000854947
0.000838
0
0.000840065
0.000849754
0
0.000874605
0.000851156
0
0.000873713
0.000880899
0
0
0.000859339
0.000859536
0
0.000863028
0.000853387
0
0.000879701
0.000892619
0
0.000869097
0.000876712
0
0.000855682
0.000847102
0
0.000868628
0.000828338
0
1.91852e-06
9.28847e-08
1.3804e-07
1.33551e-07
0
4.81244e-06
9.5461e-05
0
0
0.000125945
0.000128919
0
3.38766e-06
3.40722e-07
1.99327e-07
1.59848e-07
0
7.52704e-06
4.26882e-05
0
4.10659e-05
4.32107e-05
0
3.98031e-05
3.85228e-05
0
3.64533e-05
3.37128e-05
0
3.47322e-05
3.29447e-05
0
3.03657e-05
3.3497e-05
0
0
0
1.86743e-05
1.83032e-05
0
1.93787e-05
1.78782e-05
0
1.93153e-05
1.72763e-05
0
1.75011e-05
1.64885e-05
0
1.93746e-05
1.93177e-05
0
1.75862e-05
1.6167e-05
0
1.09651e-07
4.66171e-08
1.73761e-08
2.68795e-08
0
3.08422e-06
5.6479e-05
0
0
0
1.23484e-05
1.55546e-05
0
1.21128e-07
3.68412e-09
7.04777e-10
0
0
6.41863e-07
1.03475e-05
0
1.26247e-05
1.15042e-05
0
1.0415e-05
1.18001e-05
0
1.30536e-05
1.04128e-05
0
1.13057e-05
1.09114e-05
0
1.05071e-05
9.98332e-06
0
0
1.26944e-05
1.06917e-05
0
1.19014e-05
1.03741e-05
0
1.20517e-05
1.27931e-05
0
1.07185e-05
1.09268e-05
0
1.05089e-05
1.16033e-05
0
1.08758e-05
1.13094e-05
0
2.8368e-08
1.02554e-09
2.64788e-09
3.76682e-09
0
1.80771e-08
8.72137e-06
0
0
7.4198e-06
8.44174e-06
0
7.77573e-08
7.35321e-13
1.45676e-09
7.63129e-09
0
8.22286e-07
0.000224453
0
0.000215693
0.000237584
0
0.000229677
0.000224854
0
0.000223305
0.000225564
0
0.00023168
0.000232695
0
0.000239741
0.000233057
0
0
0.00024495
0.000217679
0
0.000222463
0.000238978
0
0.000225636
0.000225932
0
0.000214539
0.000233528
0
0.000230729
0.000225233
0
0.000242488
0.000231824
0
0
0
1.70268e-06
1.13549e-07
0
0
3.9351e-07
7.47545e-07
0
1.69153e-06
6.02097e-06
0
0
9.32465e-06
6.01854e-06
0
4.72114e-06
2.64246e-06
0
0
2.20422e-06
3.1862e-06
0
4.09273e-06
8.52846e-06
0
0
7.0234e-06
6.00627e-06
0
0
0
0
0
0
0
1.88602e-06
7.20014e-07
0
0
2.812e-07
1.11733e-07
0
0
0
1.11681e-05
0.000229984
0
0.000225021
0.000226157
0
0.000232069
0.000224943
0
0.000228326
0.000233741
0
0.000233813
0.000222699
0
0.000226442
0.000229742
0
0
0.000229827
0.000229049
0
0.000221232
0.00023403
0
0.000225975
0.000212571
0
0.000235141
0.00022397
0
0.000225244
0.000240971
0
0.000226246
0.000228801
0
1.42983e-07
2.99875e-09
4.67579e-15
1.74888e-09
0
4.14211e-08
7.80359e-06
0
0
7.96247e-06
7.95201e-06
0
1.02155e-07
5.28036e-09
2.08077e-09
8.74193e-09
0
3.25789e-07
9.44836e-06
0
1.34479e-05
1.19106e-05
0
1.06278e-05
1.142e-05
0
1.03507e-05
1.0357e-05
0
1.05668e-05
1.13649e-05
0
1.21165e-05
9.49555e-06
0
0
0
9.0047e-06
1.05748e-05
0
1.18896e-05
1.16257e-05
0
9.6678e-06
1.22238e-05
0
1.14345e-05
1.09406e-05
0
1.0716e-05
1.08067e-05
0
1.11384e-05
1.17334e-05
0
4.11032e-08
0
1.82064e-10
5.97405e-09
0
3.32154e-07
1.5545e-05
0
0
0
1.24826e-05
9.50685e-06
0
7.23768e-08
9.28708e-10
4.30513e-10
3.2711e-11
0
6.73957e-07
1.21173e-05
0
1.10733e-05
1.03526e-05
0
9.67725e-06
9.69536e-06
0
9.41354e-06
1.06571e-05
0
9.70092e-06
9.43632e-06
0
9.47447e-06
1.09986e-05
0
0
1.09719e-05
9.90183e-06
0
9.66346e-06
1.15554e-05
0
1.04112e-05
1.00691e-05
0
1.16218e-05
1.03975e-05
0
1.00859e-05
1.00764e-05
0
1.11719e-05
1.14065e-05
0
3.24125e-08
9.65561e-10
8.83065e-11
2.08927e-10
0
7.63907e-08
6.14323e-06
0
0
7.70637e-06
5.28815e-06
0
4.13186e-08
1.08756e-11
1.43262e-09
3.32048e-09
0
1.53838e-06
0.000225993
0
0.000201271
0.000211327
0
0.000208307
0.000205741
0
0.000218258
0.000213784
0
0.000218819
0.000224709
0
0.000216295
0.000218527
0
0
0.000214212
0.000213542
0
0.000210646
0.000209289
0
0.000208364
0.000218969
0
0.000222008
0.000217049
0
0.000225142
0.000209835
0
0.00021362
0.000211131
0
0
0
1.16125e-06
7.57295e-09
0
0
1.75754e-06
9.98865e-05
0
9.89387e-05
0.000103156
0
7.04362e-05
3.62305e-05
0
3.8456e-05
2.85219e-05
0
1.53181e-05
2.5507e-05
0
1.87836e-05
1.56414e-05
0
4.70117e-07
1.38061e-09
0
7.8219e-09
1.7365e-08
0
0
4.37564e-275
1.27856e-07
2.23429e-05
0
0
3.62092e-05
5.00634e-05
0
0
9.93813e-05
0.000204202
0
0
0
3.83981e-05
2.3672e-05
0
0
7.27166e-05
0.000369579
0
0
0
0.000184762
0.000251814
0
0
1.67651e-05
0.000117526
0
0
2.85318e-05
7.43784e-05
0
0
0
2.46283e-05
1.32656e-05
0
0
7.88536e-06
2.70409e-05
0
0
0
3.69539e-05
3.21337e-05
0
0
5.24101e-06
8.08557e-06
0
0
2.08262e-05
4.74149e-05
4.90296e-275
0
0
2.50981e-05
7.47647e-06
0
0
1.63809e-05
1.11725e-05
0
0
0
3.54912e-06
6.8845e-06
0
0
3.70055e-06
9.36767e-06
0
0
1.49939e-05
5.35394e-05
0
0
0
2.09814e-05
8.35009e-06
0
0
2.74791e-06
3.66123e-06
0
0
0
2.12194e-05
1.61594e-05
0
0
5.01741e-06
6.37189e-06
0
0
0
3.30758e-05
0
6.37075e-06
0
1.08632e-06
4.47379e-275
1.42285e-06
0
0
1.96446e-06
4.72961e-06
0
9.09687e-06
1.52879e-05
0
1.06019e-05
1.02948e-05
0
1.28438e-05
1.27791e-05
0
1.31093e-05
1.60118e-05
0
1.39799e-07
4.17108e-11
0
8.05323e-10
6.41059e-06
1.05926e-05
7.88828e-06
8.56184e-06
5.34634e-06
8.51768e-06
5.91699e-06
5.97505e-06
9.25868e-06
0
4.27951e-06
7.30955e-06
0
5.56692e-05
6.97803e-05
0
8.27124e-05
6.43278e-05
0
2.38763e-05
1.06819e-05
0
0.000144114
0.000857307
0
0.000840511
0.000782586
0
0.00115188
0.00198984
0
0.00206783
0.00193814
0
7.44703e-05
1.17452e-05
0
0.000255876
0.00189392
0
0.00106765
0.000727675
0
0.00172926
0.00208278
0
0.000743315
0.000394718
0.000356691
0.000363773
0.00039961
0.000352072
0.000368348
0.000333359
0.000338146
0.000387476
0
7.97054e-05
0.000141022
0
0.000112542
8.7654e-05
6.82008e-05
6.73642e-05
6.50095e-05
8.40551e-05
7.50736e-05
7.39315e-05
6.93621e-05
7.13556e-05
0
0.000364772
0.00381517
0
0.000272521
6.8187e-05
6.65963e-05
7.19048e-05
8.95638e-05
7.33937e-05
6.71668e-05
8.63281e-05
7.81998e-05
8.30338e-05
0
0.000522367
0.0036674
0
8.7428e-05
7.89166e-06
5.9883e-06
7.76799e-06
4.54171e-06
7.91523e-06
6.51724e-06
5.978e-06
8.49127e-06
7.70653e-06
0
6.24836e-06
5.51778e-06
6.69657e-06
5.68631e-06
5.36552e-06
5.59692e-06
5.30446e-06
7.91959e-06
6.9073e-06
6.41475e-06
0
9.51183e-06
8.21715e-06
6.74489e-06
6.11129e-06
7.12939e-06
6.45643e-06
7.03906e-06
6.03123e-06
7.85739e-06
7.97558e-06
0
5.18287e-06
6.53376e-06
9.39403e-06
4.62243e-06
5.10954e-06
5.55124e-06
5.99172e-06
7.62366e-06
8.79264e-06
6.44746e-06
0
5.50415e-06
5.7632e-06
8.04748e-06
6.63383e-06
8.55663e-06
6.34527e-06
5.43405e-06
7.46882e-06
7.98701e-06
7.48487e-06
0
7.46663e-06
6.53827e-06
8.51723e-06
6.49423e-06
7.40531e-06
4.96129e-06
5.15022e-06
7.25308e-06
7.84905e-06
6.83912e-06
0
7.04634e-06
9.9479e-06
8.47716e-06
7.95225e-06
7.5571e-06
7.52202e-06
6.2337e-06
5.26485e-06
6.63724e-06
6.24739e-06
0
8.84118e-06
9.56558e-05
0
0.00500169
0.0158004
0
0
0
0.00248465
0.00252768
0
0.130818
0.152306
0
0
