9.51695e-50
9.16661e-05
0
9.67878e-06
0
2.42456e-05
0
2.21076e-05
0
0
1.02645e-07
1.34799e-09
0
0
0
1.07185e-06
0.00092676
0
0.000898426
0.000934923
0
0.000914682
0.000900453
0
0.000893956
0.000912487
0
0.00092074
0.000924011
0
0.000945771
0.000885587
0
0
0.000819217
0.000900897
0
0.000924683
0.000923305
0
0.000917956
0.000905137
0
0.000875579
0.000861666
6.09895e-07
0.000934853
0.000911479
0
0.000876206
0.000891888
0
1.32869e-08
0
0
0
0
0
3.59896e-07
0
0
4.7453e-07
8.42237e-07
0
1.91667e-09
0
0
0
0
8.30348e-09
4.73503e-05
0
4.27783e-05
4.8362e-05
0
4.77781e-05
4.9759e-05
0
4.87316e-05
4.3208e-05
0
4.18685e-05
4.20124e-05
0
4.36193e-05
4.47428e-05
0
0
0
4.33854e-05
3.94588e-05
0
4.31913e-05
4.89692e-05
0
4.65409e-05
4.05703e-05
0
4.29105e-05
4.43504e-05
0
4.66258e-05
4.56035e-05
0
4.44725e-05
4.36982e-05
0
3.4897e-08
5.83043e-11
0
1.32491e-09
0
2.87836e-07
1.2906e-05
0
0
0
1.38931e-05
1.34259e-05
0
6.77839e-08
3.40438e-09
1.19368e-09
3.56973e-10
0
3.22658e-07
4.6322e-05
0
4.48523e-05
4.39765e-05
0
4.32037e-05
4.35259e-05
0
4.26434e-05
3.96622e-05
0
3.83148e-05
4.04689e-05
0
4.40592e-05
3.88659e-05
0
0
4.67163e-05
4.49037e-05
0
4.46534e-05
4.40333e-05
0
4.24964e-05
4.52571e-05
0
4.49633e-05
4.29071e-05
0
4.48732e-05
4.73555e-05
0
4.24289e-05
4.52562e-05
0
5.34862e-09
0
0
0
0
0
9.8142e-07
0
0
6.74971e-07
2.04934e-07
0
5.84906e-10
0
0
9.4094e-14
0
2.14431e-07
0.000894347
0
0.000882484
0.000893728
0
0.000893848
0.000909108
0
0.000924239
0.000865151
0
0.000887867
0.000913341
0
0.000930661
0.000947993
0
0
0.000906972
0.000916408
0
0.000917823
0.000895772
0
0.000895092
0.000975597
0
0.000919353
0.000884806
0
0.000929557
0.000885831
0
0.000877513
0.000926756
0
0
0
1.01613e-06
5.28003e-09
0
0
2.6842e-08
5.58808e-08
0
7.68735e-08
8.30374e-09
0
0
1.40688e-08
1.398e-08
0
7.87586e-09
1.22221e-08
0
0
3.69741e-08
2.00582e-08
0
2.17729e-08
9.22797e-08
0
0
7.09212e-09
6.52696e-08
0
0
0
0
0
0
0
8.47377e-09
7.62277e-08
0
0
2.00538e-08
1.97025e-08
0
0
0
6.25405e-06
0.000928874
0
0.000908949
0.000895744
0
0.000924245
0.000853746
0
0.000839027
0.000884587
0
0.000883585
0.000892606
0
0.000883452
0.000897922
0
0
0.000893222
0.000879266
0
0.00086847
0.00085964
0
0.000872778
0.000918401
0
0.000865037
0.000860865
0
0.000924921
0.000876917
0
0.000845584
0.000896091
0
1.28126e-08
0
0
1.69426e-11
0
0
7.9019e-07
0
0
8.02603e-07
5.61429e-07
0
1.49569e-09
0
0
0
0
0
4.59027e-05
0
4.21762e-05
4.62789e-05
0
4.27659e-05
4.8031e-05
0
4.96411e-05
4.41878e-05
0
4.51435e-05
4.30782e-05
0
4.15827e-05
4.3782e-05
0
0
0
4.35207e-05
4.30802e-05
0
4.60792e-05
4.99626e-05
0
4.79637e-05
3.96446e-05
0
4.53872e-05
4.66334e-05
0
4.35491e-05
4.55733e-05
0
4.3268e-05
4.58704e-05
0
4.67896e-08
0
0
0
0
3.58838e-08
1.32708e-05
0
0
0
1.35696e-05
1.11337e-05
0
5.7103e-08
9.96296e-09
0
1.45397e-09
0
5.18675e-07
4.14748e-05
0
4.51568e-05
4.36316e-05
0
3.95758e-05
4.36821e-05
0
4.35727e-05
4.54493e-05
0
4.74492e-05
4.89072e-05
0
4.23291e-05
4.71174e-05
0
0
4.69163e-05
4.678e-05
0
4.44971e-05
4.27103e-05
0
4.36401e-05
4.44503e-05
0
4.93418e-05
4.64115e-05
0
4.4397e-05
5.08722e-05
0
4.19111e-05
4.31371e-05
0
5.11193e-09
0
0
0
0
0
7.85328e-07
0
0
4.97935e-07
6.24397e-07
0
8.56263e-10
0
4.3545e-12
0
0
0
0.000889296
0
0.000898812
0.000890461
0
0.000902743
0.0009007
0
0.000974927
0.000860535
0
0.000873685
0.000845046
0
0.00092883
0.000858742
0
0
0.000931694
0.00087238
0
0.000878313
0.0009465
0
0.000887214
0.000908653
0
0.000886948
0.000899992
0
0.000970432
0.000899639
0
0.000842494
0.000882318
0
0
0
5.09269e-07
7.23062e-10
0
0
1.31134e-07
9.42888e-06
0
8.82667e-06
6.51218e-06
0
3.95449e-06
2.02988e-06
0
2.14359e-06
6.92058e-07
0
1.46918e-06
4.82303e-07
0
7.03758e-07
1.02654e-06
0
5.978e-09
5.67015e-12
0
0
9.41806e-09
0
0
1.31221e-274
2.99215e-10
5.62321e-07
0
0
1.12952e-06
6.14917e-06
0
0
5.4378e-06
7.49592e-06
0
0
0
5.35678e-06
3.72869e-06
0
0
2.06309e-06
2.72535e-07
0
0
0
3.67438e-07
3.78756e-07
0
0
9.95596e-07
1.76787e-06
0
0
3.76547e-06
3.29843e-06
0
0
0
3.97138e-06
2.86576e-06
0
0
1.23426e-06
4.67566e-07
0
0
0
5.10246e-07
1.52406e-06
0
0
1.30258e-06
7.39916e-06
0
0
5.86446e-06
4.12698e-06
1.47036e-274
0
0
3.87968e-06
7.51835e-06
0
0
1.16044e-06
2.25068e-07
0
0
0
7.23039e-07
4.26644e-07
0
0
1.08027e-06
1.13548e-06
0
0
1.47035e-06
2.95182e-06
0
0
0
1.35517e-06
5.35532e-06
0
0
9.46509e-07
5.31547e-07
0
0
0
4.71282e-07
7.56662e-07
0
0
1.21928e-06
7.13267e-06
0
0
0
9.74682e-06
0
1.3288e-06
0
6.70395e-07
1.34106e-274
1.01839e-06
0
0
2.32796e-06
5.82056e-06
0
2.91002e-06
1.66577e-06
0
7.83779e-07
9.84747e-07
0
7.76683e-07
6.23953e-07
0
2.52939e-06
1.46237e-05
0
2.83643e-08
4.23691e-12
0
0
7.77614e-05
9.34087e-05
9.00702e-05
0.000101352
8.11731e-05
8.29555e-05
8.61814e-05
8.29528e-05
8.74412e-05
1.58123e-07
4.45576e-06
2.46606e-06
0
1.06141e-05
4.42885e-05
0
5.67431e-05
0.000116288
0
7.02634e-06
1.51712e-06
0
6.36542e-05
0.000750624
0
0.000792844
0.000873502
0
0.000957275
0.0012681
0
0.00120575
0.00107361
0
1.22129e-05
4.46113e-07
0
1.55561e-05
0.000180006
1.387e-09
1.01096e-05
1.39267e-06
0
4.74811e-05
0.000202467
0
0.00219452
0.0040534
0.00408978
0.00410103
0.00421769
0.00410364
0.00411151
0.00420964
0.00403783
0.00407121
0
1.73145e-05
2.84417e-06
0
3.12452e-05
0.000777646
0.00079003
0.000796015
0.000851408
0.000698599
0.000835893
0.000771265
0.000797164
0.000803626
0
9.95778e-05
4.61614e-05
0
0.000160606
0.000869108
0.000836381
0.000772488
0.000775916
0.000784357
0.000884523
0.000845172
0.000869127
0.000804991
0
8.05373e-05
4.12883e-05
0
4.17579e-05
7.10342e-05
7.76891e-05
7.44858e-05
8.54546e-05
8.89728e-05
8.02566e-05
7.70283e-05
7.08049e-05
8.47434e-05
0
7.5915e-05
7.19423e-05
7.03634e-05
6.1387e-05
6.92356e-05
5.70548e-05
8.06669e-05
7.8191e-05
7.62086e-05
6.5489e-05
0
6.94951e-05
8.5496e-05
7.49236e-05
7.66577e-05
6.8893e-05
6.92176e-05
6.1e-05
7.69835e-05
7.37673e-05
5.81431e-05
0
6.5365e-05
7.63818e-05
6.60679e-05
6.96211e-05
8.04885e-05
8.10202e-05
7.74571e-05
7.64785e-05
6.53911e-05
6.59913e-05
0
7.92123e-05
8.10797e-05
8.01214e-05
8.5804e-05
7.58165e-05
8.15417e-05
6.76734e-05
8.69731e-05
0.000100379
6.18749e-05
0
7.40046e-05
7.49478e-05
6.47871e-05
7.26151e-05
7.72121e-05
6.42149e-05
7.51654e-05
8.21232e-05
7.77374e-05
7.01423e-05
0
7.97117e-05
7.7648e-05
7.36264e-05
6.82678e-05
7.60139e-05
8.31249e-05
7.62469e-05
7.52724e-05
6.51336e-05
6.51061e-05
0
8.08943e-06
6.89388e-06
0
0.000545031
0.00796539
0
0
0
3.95766e-05
8.39064e-07
0
0.000211263
0.00357962
0
0
